timestamp, mode, setpoint, setpoint_radius, acc_x, acc_y, gyro_z, Kp, Ki, Kd, MU0setpoint, MU0value, MU0current, MU1setpoint, MU1value, MU1current, MU2setpoint, MU2value, MU2current, MU3setpoint, MU3value, MU3current
69716, 0, 0.90, 0.50, -1.54, -0.19, 85.70, 1.32, 52.80, 0.01, 0.89, 0.10, 0.00, 1.15, 0.08, 0.33, 0.73, 0.08, 0.00, 1.03, 0.11, 0.09
69737, 0, 0.90, 0.50, -1.29, -0.18, 71.64, 1.32, 52.80, 0.01, 0.89, 0.10, 0.00, 1.15, 0.08, 0.00, 0.73, 0.08, 0.00, 1.03, 0.11, 0.00
69746, 0, 0.90, 0.50, -1.12, -0.16, 43.03, 1.32, 52.80, 0.01, 0.89, 0.10, 0.00, 1.15, 0.08, 0.00, 0.73, 0.08, 0.00, 1.03, 0.11, 0.00
69756, 0, 0.90, 0.50, -0.90, -0.22, 17.49, 1.32, 52.80, 0.01, 0.89, 0.10, 0.00, 1.15, 0.08, 0.00, 0.73, 0.08, 0.00, 1.03, 0.11, 0.00
69766, 0, 0.90, 0.50, -0.85, -0.22, 6.92, 1.32, 52.80, 0.01, 0.89, 0.10, 0.00, 1.15, 0.08, 0.00, 0.73, 0.08, 0.00, 1.03, 0.11, 0.00
69790, 0, 0.90, 0.50, -0.75, -0.25, 3.41, 1.32, 52.80, 0.01, 0.89, 0.10, 0.00, 1.15, 0.08, 0.00, 0.73, 0.08, 0.00, 1.03, 0.11, 0.00
69796, 0, 0.90, 0.50, -0.68, -0.27, 2.04, 1.32, 52.80, 0.01, 0.89, 0.10, 0.00, 1.15, 0.08, 0.00, 0.73, 0.08, 0.00, 1.03, 0.11, 0.00
69806, 0, 0.90, 0.50, -0.65, -0.26, 1.35, 1.32, 52.80, 0.01, 0.89, 0.10, 0.00, 1.15, 0.08, 0.00, 0.73, 0.08, 0.00, 1.03, 0.11, 0.00
69816, 0, 0.90, 0.50, -0.62, -0.24, 0.97, 1.32, 52.80, 0.01, 0.89, 0.10, 0.00, 1.15, 0.08, 0.00, 0.73, 0.08, 0.00, 1.03, 0.11, 0.00
69827, 0, 0.90, 0.50, -0.61, -0.24, 0.71, 1.32, 52.80, 0.01, 0.89, 0.10, 0.00, 1.15, 0.08, 0.00, 0.73, 0.08, 0.00, 1.03, 0.11, 0.00
69836, 0, 0.90, 0.50, -0.58, -0.25, 0.53, 1.32, 52.80, 0.01, 0.89, 0.10, 0.00, 1.15, 0.08, 0.00, 0.73, 0.08, 0.00, 1.03, 0.11, 0.00
69846, 0, 0.90, 0.50, -0.58, -0.24, 0.41, 1.32, 52.80, 0.01, 0.89, 0.10, 0.00, 1.15, 0.08, 0.00, 0.73, 0.08, 0.02, 1.03, 0.11, 0.00
69856, 0, 0.90, 0.50, -0.57, -0.23, 0.32, 1.32, 52.80, 0.01, 0.89, 0.10, 0.00, 1.15, 0.08, 0.05, 0.73, 0.08, 0.00, 1.03, 0.11, 0.00
69866, 0, 0.90, 0.50, -0.56, -0.24, 0.24, 1.32, 52.80, 0.01, 0.89, 0.10, 0.00, 1.15, 0.06, 1.51, 0.73, 0.08, 0.00, 1.03, 0.11, 0.00
69876, 0, 0.90, 0.50, -0.53, -0.21, 0.20, 1.32, 52.80, 0.01, 0.89, 0.10, 0.00, 1.15, 0.08, 2.89, 0.73, 0.08, 0.00, 1.03, 0.11, 0.00
69886, 0, 0.90, 0.50, -0.60, -0.17, 0.40, 1.32, 52.80, 0.01, 0.89, 0.10, 0.00, 1.15, 0.49, 2.25, 0.73, 0.08, 0.00, 1.03, 0.11, 0.32
69896, 0, 0.90, 0.50, -0.52, -0.15, 0.56, 1.32, 52.80, 0.01, 0.89, 0.10, 0.00, 1.15, 0.79, 2.21, 0.73, 0.08, 0.00, 1.03, 0.08, 2.04
69906, 0, 0.90, 0.50, -0.50, -0.11, 0.69, 1.32, 52.80, 0.01, 0.89, 0.10, 0.00, 1.15, 1.03, 2.39, 0.73, 0.08, 0.00, 1.03, 0.17, 2.89
69916, 0, 0.90, 0.50, -0.46, 0.08, 0.92, 1.32, 52.80, 0.01, 0.89, 0.10, 0.04, 1.15, 1.24, 1.56, 0.73, 0.08, 0.00, 1.03, 0.65, 1.91
69926, 0, 0.90, 0.50, -0.44, 0.20, 1.39, 1.32, 52.80, 0.01, 0.89, 0.07, 1.21, 1.15, 1.23, 1.14, 0.73, 0.08, 0.00, 1.03, 0.86, 1.44
69936, 0, 0.90, 0.50, -0.45, 0.40, 2.16, 1.32, 52.80, 0.01, 0.89, 0.14, 2.28, 1.15, 1.30, 0.98, 0.73, 0.08, 0.00, 1.03, 0.93, 1.61
69946, 0, 0.90, 0.50, -0.38, 0.70, 3.41, 1.32, 52.80, 0.01, 0.89, 0.48, 1.75, 1.15, 1.25, 0.89, 0.73, 0.08, 0.00, 1.03, 1.03, 1.09
69956, 0, 0.90, 0.50, -0.34, 0.85, 5.43, 1.32, 52.80, 0.01, 0.89, 0.77, 1.04, 1.15, 1.23, 0.72, 0.73, 0.08, 0.00, 1.03, 1.01, 1.25
69966, 0, 0.90, 0.50, -0.27, 0.99, 8.65, 1.32, 52.80, 0.01, 0.89, 0.82, 0.96, 1.15, 1.23, 0.86, 0.73, 0.08, 0.28, 1.03, 1.04, 1.09
69976, 0, 0.90, 0.50, -0.26, 1.14, 13.35, 1.32, 52.80, 0.01, 0.89, 0.85, 1.02, 1.15, 1.18, 0.74, 0.73, 0.06, 1.32, 1.03, 1.01, 1.28
69986, 0, 0.90, 0.50, -0.42, 1.40, 19.60, 1.32, 52.80, 0.01, 0.89, 0.90, 0.93, 1.15, 1.18, 0.91, 0.73, 0.18, 1.93, 1.03, 1.06, 1.18
69996, 0, 0.90, 0.50, -0.51, 1.62, 26.11, 1.32, 52.80, 0.01, 0.89, 0.92, 0.70, 1.15, 1.15, 0.81, 0.73, 0.66, 0.88, 1.03, 1.03, 1.12
70006, 0, 0.90, 0.50, -0.59, 1.60, 31.36, 1.32, 52.80, 0.01, 0.89, 0.89, 0.82, 1.15, 1.20, 0.77, 0.73, 0.69, 0.42, 1.03, 1.04, 1.16
70016, 0, 0.90, 0.50, -0.71, 1.17, 35.01, 1.32, 52.80, 0.01, 0.89, 0.93, 0.68, 1.15, 1.17, 0.88, 0.73, 0.59, 0.95, 1.03, 1.10, 0.84
70026, 0, 0.90, 0.50, -0.70, 1.16, 37.47, 1.32, 52.80, 0.01, 0.89, 0.87, 0.77, 1.15, 1.17, 0.75, 0.73, 0.61, 1.26, 1.03, 1.06, 0.95
70036, 0, 0.90, 0.50, -0.64, 1.55, 39.27, 1.32, 52.80, 0.01, 0.89, 0.90, 0.81, 1.15, 1.17, 0.86, 0.73, 0.66, 1.14, 1.03, 1.03, 1.02
70046, 0, 0.90, 0.50, -0.66, 1.96, 41.05, 1.32, 52.80, 0.01, 0.89, 0.89, 0.75, 1.15, 1.14, 0.81, 0.73, 0.75, 0.89, 1.03, 1.07, 0.95
70056, 0, 0.90, 0.50, -0.54, 1.88, 43.09, 1.32, 52.80, 0.01, 0.89, 0.89, 0.81, 1.15, 1.17, 0.84, 0.73, 0.73, 0.81, 1.03, 1.01, 0.98
70066, 0, 0.90, 0.50, -0.70, 2.45, 45.09, 1.32, 52.80, 0.01, 0.89, 0.89, 0.81, 1.15, 1.18, 0.75, 0.73, 0.73, 1.05, 1.03, 1.04, 1.05
70076, 0, 0.90, 0.50, -0.62, 2.18, 46.61, 1.32, 52.80, 0.01, 0.89, 0.87, 0.88, 1.15, 1.18, 0.74, 0.73, 0.76, 0.74, 1.03, 1.01, 1.04
70086, 0, 0.90, 0.50, -0.69, 2.44, 48.20, 1.32, 52.80, 0.01, 0.89, 0.90, 0.84, 1.15, 1.17, 0.74, 0.73, 0.73, 0.77, 1.03, 1.01, 1.09
70109, 0, 0.90, 0.50, -0.70, 2.45, 51.63, 1.32, 52.80, 0.01, 0.89, 0.93, 0.67, 1.15, 1.18, 0.74, 0.73, 0.75, 0.72, 1.03, 1.03, 1.05
70116, 0, 0.90, 0.50, -0.71, 2.45, 54.72, 1.32, 52.80, 0.01, 0.89, 0.90, 0.63, 1.15, 1.18, 0.60, 0.73, 0.73, 0.79, 1.03, 1.03, 1.12
70126, 0, 0.90, 0.50, -0.78, 2.50, 57.67, 1.32, 52.80, 0.01, 0.89, 0.89, 0.84, 1.15, 1.17, 0.74, 0.73, 0.73, 0.86, 1.03, 1.06, 1.04
70136, 0, 0.90, 0.50, -0.80, 2.80, 60.26, 1.32, 52.80, 0.01, 0.89, 0.87, 0.82, 1.15, 1.14, 0.67, 0.73, 0.73, 0.88, 1.03, 1.01, 1.12
70148, 0, 0.90, 0.50, -0.86, 2.57, 62.89, 1.32, 52.80, 0.01, 0.89, 0.89, 0.88, 1.15, 1.15, 0.82, 0.73, 0.73, 0.91, 1.03, 1.06, 1.00
70156, 0, 0.90, 0.50, -0.87, 2.40, 65.42, 1.32, 52.80, 0.01, 0.89, 0.94, 0.56, 1.15, 1.15, 0.70, 0.73, 0.76, 0.88, 1.03, 1.04, 1.04
70166, 0, 0.90, 0.50, -0.89, 2.24, 67.79, 1.32, 52.80, 0.01, 0.89, 0.89, 0.63, 1.15, 1.13, 0.91, 0.73, 0.75, 0.72, 1.03, 1.04, 0.96
70176, 0, 0.90, 0.50, -0.94, 2.56, 69.93, 1.32, 52.80, 0.01, 0.89, 0.93, 0.67, 1.15, 1.14, 0.89, 0.73, 0.73, 0.86, 1.03, 1.04, 1.09
70186, 0, 0.90, 0.50, -1.09, 2.51, 72.28, 1.32, 52.80, 0.01, 0.89, 0.92, 0.40, 1.15, 1.14, 0.91, 0.73, 0.73, 0.88, 1.03, 1.01, 1.09
70196, 0, 0.90, 0.50, -1.33, 2.41, 74.23, 1.32, 52.80, 0.01, 0.89, 0.92, 0.60, 1.15, 1.14, 0.91, 0.73, 0.73, 0.86, 1.03, 1.08, 0.81
70206, 0, 0.90, 0.50, -1.19, 2.17, 75.74, 1.32, 52.80, 0.01, 0.89, 0.92, 0.39, 1.15, 1.15, 0.82, 0.73, 0.70, 1.04, 1.03, 1.03, 1.05
70216, 0, 0.90, 0.50, -1.32, 2.28, 76.92, 1.32, 52.80, 0.01, 0.89, 0.89, 0.61, 1.15, 1.14, 1.02, 0.73, 0.80, 0.77, 1.03, 1.10, 0.81
70226, 0, 0.90, 0.50, -0.99, 1.95, 78.47, 1.32, 52.80, 0.01, 0.89, 0.90, 0.56, 1.15, 1.15, 0.86, 0.73, 0.75, 0.60, 1.03, 1.03, 0.81
70236, 0, 0.90, 0.50, -1.22, 2.29, 80.36, 1.32, 52.80, 0.01, 0.89, 0.89, 0.53, 1.15, 1.15, 1.14, 0.73, 0.77, 0.74, 1.03, 1.06, 0.88
70246, 0, 0.90, 0.50, -1.83, 2.05, 82.54, 1.32, 52.80, 0.01, 0.89, 0.90, 0.58, 1.15, 1.18, 0.65, 0.73, 0.80, 0.37, 1.03, 1.06, 0.84
70256, 0, 0.90, 0.50, -1.72, 1.79, 84.61, 1.32, 52.80, 0.01, 0.89, 0.89, 0.51, 1.15, 1.17, 0.95, 0.73, 0.77, 0.46, 1.03, 1.04, 0.74
70266, 0, 0.90, 0.50, -1.98, 1.84, 86.85, 1.32, 52.80, 0.01, 0.89, 0.90, 0.54, 1.15, 1.18, 0.68, 0.73, 0.79, 0.39, 1.03, 1.08, 0.77
70276, 0, 0.90, 0.50, -2.16, 1.57, 89.08, 1.32, 52.80, 0.01, 0.89, 0.92, 0.46, 1.15, 1.20, 0.79, 0.73, 0.77, 0.30, 1.03, 1.04, 0.67
70286, 0, 0.90, 0.50, -2.43, 1.34, 91.14, 1.32, 52.80, 0.01, 0.89, 0.92, 0.39, 1.15, 1.17, 0.63, 0.73, 0.76, 0.33, 1.03, 1.08, 0.46
70296, 0, 0.90, 0.50, -2.39, 1.07, 92.63, 1.32, 52.80, 0.01, 0.89, 0.93, 0.23, 1.15, 1.20, 0.67, 0.73, 0.79, 0.11, 1.03, 1.06, 0.54
70306, 0, 0.90, 0.50, -2.42, 0.88, 94.24, 1.32, 52.80, 0.01, 0.89, 0.92, 0.30, 1.15, 1.17, 0.68, 0.73, 0.76, 0.14, 1.03, 1.08, 0.37
70316, 0, 0.90, 0.50, -2.53, 0.71, 95.57, 1.32, 52.80, 0.01, 0.89, 0.92, 0.28, 1.15, 1.21, 0.49, 0.73, 0.75, 0.19, 1.03, 1.07, 0.39
70326, 0, 0.90, 0.50, -2.39, 0.34, 96.65, 1.32, 52.80, 0.01, 0.89, 0.90, 0.25, 1.15, 1.18, 0.54, 0.73, 0.76, 0.09, 1.03, 1.08, 0.21
70336, 0, 0.90, 0.50, -2.41, 0.13, 97.67, 1.32, 52.80, 0.01, 0.89, 0.90, 0.25, 1.15, 1.18, 0.39, 0.73, 0.75, 0.07, 1.03, 1.04, 0.26
70346, 0, 0.90, 0.50, -2.52, -0.23, 98.54, 1.32, 52.80, 0.01, 0.89, 0.92, 0.12, 1.15, 1.21, 0.61, 0.73, 0.75, 0.16, 1.03, 1.07, 0.19
70356, 0, 0.90, 0.50, -2.38, -0.32, 99.26, 1.32, 52.80, 0.01, 0.89, 0.89, 0.30, 1.15, 1.20, 0.14, 0.73, 0.76, 0.00, 1.03, 1.04, 0.19
70366, 0, 0.90, 0.50, -2.27, 0.06, 99.42, 1.32, 52.80, 0.01, 0.89, 0.92, 0.18, 1.15, 1.23, 0.19, 0.73, 0.73, 0.18, 1.03, 1.04, 0.25
70376, 0, 0.90, 0.50, -2.25, -0.72, 99.42, 1.32, 52.80, 0.01, 0.89, 0.89, 0.21, 1.15, 1.17, 0.19, 0.73, 0.73, 0.19, 1.03, 1.03, 0.28
70386, 0, 0.90, 0.50, -2.28, -0.66, 99.73, 1.32, 52.80, 0.01, 0.89, 0.90, 0.21, 1.15, 1.17, 0.39, 0.73, 0.75, 0.04, 1.03, 1.06, 0.21
70396, 0, 0.90, 0.50, -2.27, -0.43, 99.92, 1.32, 52.80, 0.01, 0.89, 0.89, 0.14, 1.15, 1.14, 0.51, 0.73, 0.72, 0.19, 1.03, 1.03, 0.21
70406, 0, 0.90, 0.50, -2.19, -0.21, 100.05, 1.32, 52.80, 0.01, 0.89, 0.89, 0.28, 1.15, 1.18, 0.18, 0.73, 0.73, 0.23, 1.03, 1.06, 0.25
70430, 0, 0.90, 0.50, -2.10, -0.18, 99.99, 1.32, 52.80, 0.01, 0.89, 0.90, 0.26, 1.15, 1.13, 0.42, 0.73, 0.73, 0.30, 1.03, 1.04, 0.14
70436, 0, 0.90, 0.50, -2.03, -0.16, 99.94, 1.32, 52.80, 0.01, 0.89, 0.90, 0.16, 1.15, 1.14, 0.56, 0.73, 0.73, 0.18, 1.03, 1.03, 0.18
70446, 0, 0.90, 0.50, -2.17, -0.17, 99.85, 1.32, 52.80, 0.01, 0.89, 0.87, 0.26, 1.15, 1.15, 0.44, 0.73, 0.75, 0.16, 1.03, 1.04, 0.25
70456, 0, 0.90, 0.50, -2.20, -0.22, 99.70, 1.32, 52.80, 0.01, 0.89, 0.89, 0.35, 1.15, 1.15, 0.61, 0.73, 0.73, 0.28, 1.03, 1.03, 0.21
70467, 0, 0.90, 0.50, -2.12, -0.14, 99.49, 1.32, 52.80, 0.01, 0.89, 0.89, 0.21, 1.15, 1.13, 0.58, 0.73, 0.75, 0.18, 1.03, 1.04, 0.25
70476, 0, 0.90, 0.50, -2.18, -0.19, 99.29, 1.32, 52.80, 0.01, 0.89, 0.90, 0.30, 1.15, 1.15, 0.68, 0.73, 0.73, 0.16, 1.03, 1.03, 0.14
70486, 0, 0.90, 0.50, -2.21, -0.12, 99.13, 1.32, 52.80, 0.01, 0.89, 0.90, 0.12, 1.15, 1.13, 0.63, 0.73, 0.73, 0.33, 1.03, 1.04, 0.26
70496, 0, 0.90, 0.50, -2.27, -0.14, 99.02, 1.32, 52.80, 0.01, 0.89, 0.87, 0.28, 1.15, 1.18, 0.56, 0.73, 0.75, 0.21, 1.03, 1.03, 0.16
70506, 0, 0.90, 0.50, -2.33, -0.13, 98.85, 1.32, 52.80, 0.01, 0.89, 0.90, 0.28, 1.15, 1.14, 0.60, 0.73, 0.73, 0.26, 1.03, 1.03, 0.28
70516, 0, 0.90, 0.50, -2.34, -0.12, 98.63, 1.32, 52.80, 0.01, 0.89, 0.89, 0.23, 1.15, 1.17, 0.54, 0.73, 0.73, 0.32, 1.03, 1.04, 0.16
70526, 0, 0.90, 0.50, -2.25, -0.12, 98.44, 1.32, 52.80, 0.01, 0.89, 0.90, 0.28, 1.15, 1.15, 0.70, 0.73, 0.75, 0.19, 1.03, 1.03, 0.28
70536, 0, 0.90, 0.50, -2.20, -0.11, 98.37, 1.32, 52.80, 0.01, 0.89, 0.90, 0.12, 1.15, 1.17, 0.51, 0.73, 0.75, 0.23, 1.03, 1.04, 0.14
70546, 0, 0.90, 0.50, -2.20, -0.12, 98.30, 1.32, 52.80, 0.01, 0.89, 0.89, 0.25, 1.15, 1.17, 0.67, 0.73, 0.73, 0.28, 1.03, 1.06, 0.19
70556, 0, 0.90, 0.50, -2.08, -0.17, 98.23, 1.32, 52.80, 0.01, 0.89, 0.90, 0.14, 1.15, 1.15, 0.42, 0.73, 0.75, 0.14, 1.03, 1.04, 0.09
70566, 0, 0.90, 0.50, -2.05, -0.21, 98.23, 1.32, 52.80, 0.01, 0.89, 0.89, 0.28, 1.15, 1.17, 0.67, 0.73, 0.73, 0.25, 1.03, 1.03, 0.26
70576, 0, 0.90, 0.50, -2.00, -0.17, 98.29, 1.32, 52.80, 0.01, 0.89, 0.90, 0.23, 1.15, 1.15, 0.54, 0.73, 0.73, 0.32, 1.03, 1.04, 0.11
70586, 0, 0.90, 0.50, -2.07, -0.15, 98.36, 1.32, 52.80, 0.01, 0.89, 0.89, 0.21, 1.15, 1.18, 0.63, 0.73, 0.75, 0.14, 1.03, 1.04, 0.16
70596, 0, 0.90, 0.50, -2.17, -0.21, 98.36, 1.32, 52.80, 0.01, 0.89, 0.89, 0.26, 1.15, 1.14, 0.61, 0.73, 0.73, 0.33, 1.03, 1.04, 0.09
70606, 0, 0.90, 0.50, -2.22, -0.21, 98.28, 1.32, 52.80, 0.01, 0.89, 0.87, 0.26, 1.15, 1.17, 0.60, 0.73, 0.75, 0.26, 1.03, 1.03, 0.26
70616, 0, 0.90, 0.50, -2.26, -0.13, 98.16, 1.32, 52.80, 0.01, 0.89, 0.87, 0.42, 1.15, 1.14, 0.70, 0.73, 0.75, 0.18, 1.03, 1.04, 0.11
70626, 0, 0.90, 0.50, -2.13, -0.22, 98.06, 1.32, 52.80, 0.01, 0.89, 0.90, 0.33, 1.15, 1.20, 0.47, 0.73, 0.73, 0.32, 1.03, 1.01, 0.28
70636, 0, 0.90, 0.50, -2.18, -0.04, 97.99, 1.32, 52.80, 0.01, 0.89, 0.87, 0.42, 1.15, 1.15, 0.67, 0.73, 0.75, 0.21, 1.03, 1.04, 0.14
70646, 0, 0.90, 0.50, -2.28, -0.16, 97.91, 1.32, 52.80, 0.01, 0.89, 0.92, 0.28, 1.15, 1.17, 0.47, 0.73, 0.75, 0.16, 1.03, 1.04, 0.25
70656, 0, 0.90, 0.50, -2.23, -0.14, 97.82, 1.32, 52.80, 0.01, 0.89, 0.90, 0.23, 1.15, 1.14, 0.75, 0.73, 0.73, 0.30, 1.03, 1.04, 0.09
70666, 0, 0.90, 0.50, -2.17, -0.04, 97.71, 1.32, 52.80, 0.01, 0.89, 0.90, 0.37, 1.15, 1.15, 0.60, 0.73, 0.75, 0.18, 1.03, 1.03, 0.28
70676, 0, 0.90, 0.50, -2.05, -0.08, 97.64, 1.32, 52.80, 0.01, 0.89, 0.89, 0.26, 1.15, 1.17, 0.65, 0.73, 0.75, 0.12, 1.03, 1.06, 0.07
70686, 0, 0.90, 0.50, -2.04, -0.02, 97.59, 1.32, 52.80, 0.01, 0.89, 0.89, 0.39, 1.15, 1.15, 0.51, 0.73, 0.73, 0.26, 1.03, 1.04, 0.14
70696, 0, 0.90, 0.50, -2.07, -0.19, 97.53, 1.32, 52.80, 0.01, 0.89, 0.90, 0.25, 1.15, 1.17, 0.65, 0.73, 0.76, 0.11, 1.03, 1.04, 0.09
70706, 0, 0.90, 0.50, -2.00, -0.24, 97.51, 1.32, 52.80, 0.01, 0.89, 0.89, 0.30, 1.15, 1.14, 0.63, 0.73, 0.75, 0.11, 1.03, 1.04, 0.11
70716, 0, 0.90, 0.50, -2.08, -0.21, 97.51, 1.32, 52.80, 0.01, 0.89, 0.92, 0.21, 1.15, 1.18, 0.61, 0.73, 0.75, 0.16, 1.03, 1.04, 0.09
70726, 0, 0.90, 0.50, -2.17, -0.23, 97.51, 1.32, 52.80, 0.01, 0.89, 0.89, 0.18, 1.15, 1.14, 0.65, 0.73, 0.76, 0.05, 1.03, 1.03, 0.16
70749, 0, 0.90, 0.50, -1.97, -0.31, 97.52, 1.32, 52.80, 0.01, 0.89, 0.89, 0.23, 1.15, 1.17, 0.75, 0.73, 0.75, 0.12, 1.03, 1.04, 0.09
70756, 0, 0.90, 0.50, -1.77, -0.38, 97.53, 1.32, 52.80, 0.01, 0.89, 0.89, 0.33, 1.15, 1.17, 0.51, 0.73, 0.75, 0.05, 1.03, 1.04, 0.05
70766, 0, 0.90, 0.50, -1.51, -0.50, 97.64, 1.32, 52.80, 0.01, 0.89, 0.92, 0.16, 1.15, 1.18, 0.67, 0.73, 0.73, 0.12, 1.03, 1.01, 0.25
70778, 0, 0.90, 0.50, -1.72, -0.54, 97.78, 1.32, 52.80, 0.01, 0.89, 0.89, 0.25, 1.15, 1.15, 0.54, 0.73, 0.73, 0.11, 1.03, 1.04, 0.05
70786, 0, 0.90, 0.50, -1.87, -0.56, 97.93, 1.32, 52.80, 0.01, 0.89, 0.89, 0.32, 1.15, 1.18, 0.53, 0.73, 0.73, 0.11, 1.03, 1.03, 0.16
70796, 0, 0.90, 0.50, -1.98, -0.56, 98.05, 1.32, 52.80, 0.01, 0.89, 0.87, 0.32, 1.15, 1.15, 0.53, 0.73, 0.72, 0.25, 1.03, 1.04, 0.07
70806, 0, 0.90, 0.50, -2.08, -0.46, 98.12, 1.32, 52.80, 0.01, 0.89, 0.87, 0.42, 1.15, 1.18, 0.46, 0.73, 0.73, 0.21, 1.03, 1.01, 0.25
70816, 0, 0.90, 0.50, -2.13, -0.46, 98.19, 1.32, 52.80, 0.01, 0.89, 0.89, 0.32, 1.15, 1.14, 0.54, 0.73, 0.75, 0.12, 1.03, 1.03, 0.19
70826, 0, 0.90, 0.50, -2.11, -0.43, 98.23, 1.32, 52.80, 0.01, 0.89, 0.89, 0.40, 1.15, 1.17, 0.53, 0.73, 0.73, 0.19, 1.03, 1.01, 0.23
70836, 0, 0.90, 0.50, -2.05, -0.32, 98.29, 1.32, 52.80, 0.01, 0.89, 0.89, 0.40, 1.15, 1.14, 0.68, 0.73, 0.75, 0.12, 1.03, 1.04, 0.26
70846, 0, 0.90, 0.50, -2.11, -0.23, 98.41, 1.32, 52.80, 0.01, 0.89, 0.87, 0.42, 1.15, 1.15, 0.54, 0.73, 0.75, 0.07, 1.03, 1.03, 0.18
70856, 0, 0.90, 0.50, -2.18, -0.18, 98.51, 1.32, 52.80, 0.01, 0.89, 0.89, 0.54, 1.15, 1.17, 0.67, 0.73, 0.73, 0.19, 1.03, 1.04, 0.26
70866, 0, 0.90, 0.50, -2.06, -0.20, 98.58, 1.32, 52.80, 0.01, 0.89, 0.90, 0.40, 1.15, 1.15, 0.44, 0.73, 0.75, 0.05, 1.03, 1.03, 0.18
70876, 0, 0.90, 0.50, -2.02, -0.03, 98.61, 1.32, 52.80, 0.01, 0.89, 0.89, 0.47, 1.15, 1.17, 0.72, 0.73, 0.75, 0.07, 1.03, 1.04, 0.25
70886, 0, 0.90, 0.50, -2.00, -0.26, 98.66, 1.32, 52.80, 0.01, 0.89, 0.93, 0.21, 1.15, 1.14, 0.54, 0.73, 0.75, 0.11, 1.03, 1.04, 0.16
70896, 0, 0.90, 0.50, -2.03, -0.15, 98.74, 1.32, 52.80, 0.01, 0.89, 0.89, 0.35, 1.15, 1.17, 0.75, 0.73, 0.76, 0.04, 1.03, 1.04, 0.18
70906, 0, 0.90, 0.50, -2.12, -0.20, 98.76, 1.32, 52.80, 0.01, 0.89, 0.90, 0.42, 1.15, 1.14, 0.58, 0.73, 0.75, 0.07, 1.03, 1.04, 0.14
70916, 0, 0.90, 0.50, -2.03, -0.20, 98.78, 1.32, 52.80, 0.01, 0.89, 0.89, 0.39, 1.15, 1.18, 0.61, 0.73, 0.75, 0.07, 1.03, 1.04, 0.18
70926, 0, 0.90, 0.50, -2.08, -0.18, 98.82, 1.32, 52.80, 0.01, 0.89, 0.89, 0.47, 1.15, 1.14, 0.70, 0.73, 0.76, 0.05, 1.03, 1.03, 0.14
70936, 0, 0.90, 0.50, -2.11, -0.13, 98.87, 1.32, 52.80, 0.01, 0.89, 0.90, 0.30, 1.15, 1.17, 0.65, 0.73, 0.73, 0.09, 1.03, 1.06, 0.11
70946, 0, 0.90, 0.50, -2.14, -0.16, 98.86, 1.32, 52.80, 0.01, 0.89, 0.89, 0.40, 1.15, 1.15, 0.75, 0.73, 0.75, 0.07, 1.03, 1.04, 0.12
70956, 0, 0.90, 0.50, -2.17, -0.23, 98.82, 1.32, 52.80, 0.01, 0.89, 0.92, 0.28, 1.15, 1.15, 0.63, 0.73, 0.75, 0.04, 1.03, 1.04, 0.12
70966, 0, 0.90, 0.50, -2.07, -0.29, 98.78, 1.32, 52.80, 0.01, 0.89, 0.87, 0.40, 1.15, 1.17, 0.70, 0.73, 0.73, 0.09, 1.03, 1.01, 0.14
70976, 0, 0.90, 0.50, -2.07, -0.35, 98.78, 1.32, 52.80, 0.01, 0.89, 0.90, 0.44, 1.15, 1.15, 0.61, 0.73, 0.73, 0.07, 1.03, 1.03, 0.25
70986, 0, 0.90, 0.50, -1.98, -0.33, 98.83, 1.32, 52.80, 0.01, 0.89, 0.89, 0.35, 1.15, 1.17, 0.74, 0.73, 0.73, 0.05, 1.03, 1.04, 0.12
70996, 0, 0.90, 0.50, -1.98, -0.36, 98.93, 1.32, 52.80, 0.01, 0.89, 0.90, 0.37, 1.15, 1.15, 0.65, 0.73, 0.72, 0.21, 1.03, 1.04, 0.12
71006, 0, 0.90, 0.50, -2.11, -0.46, 99.04, 1.32, 52.80, 0.01, 0.89, 0.90, 0.19, 1.15, 1.18, 0.70, 0.73, 0.73, 0.11, 1.03, 1.03, 0.12
71016, 0, 0.90, 0.50, -2.14, -0.37, 99.10, 1.32, 52.80, 0.01, 0.89, 0.87, 0.40, 1.15, 1.14, 0.65, 0.73, 0.73, 0.09, 1.03, 1.03, 0.21
71026, 0, 0.90, 0.50, -2.14, -0.36, 99.17, 1.32, 52.80, 0.01, 0.89, 0.90, 0.35, 1.15, 1.18, 0.63, 0.73, 0.72, 0.19, 1.03, 1.03, 0.14
71036, 0, 0.90, 0.50, -2.04, -0.26, 99.23, 1.32, 52.80, 0.01, 0.89, 0.89, 0.39, 1.15, 1.17, 0.58, 0.73, 0.73, 0.14, 1.03, 1.01, 0.28
71060, 0, 0.90, 0.50, -1.94, -0.26, 99.34, 1.32, 52.80, 0.01, 0.89, 0.89, 0.32, 1.15, 1.17, 0.65, 0.73, 0.73, 0.19, 1.03, 1.04, 0.18
71066, 0, 0.90, 0.50, -1.85, -0.25, 99.45, 1.32, 52.80, 0.01, 0.89, 0.89, 0.39, 1.15, 1.14, 0.53, 0.73, 0.75, 0.11, 1.03, 1.04, 0.11
71076, 0, 0.90, 0.50, -1.92, -0.19, 99.58, 1.32, 52.80, 0.01, 0.89, 0.89, 0.39, 1.15, 1.17, 0.74, 0.73, 0.73, 0.11, 1.03, 1.03, 0.23
71086, 0, 0.90, 0.50, -1.71, -0.08, 99.75, 1.32, 52.80, 0.01, 0.89, 0.89, 0.44, 1.15, 1.14, 0.54, 0.73, 0.73, 0.28, 1.03, 1.04, 0.18
71097, 0, 0.90, 0.50, -1.81, -0.28, 100.08, 1.32, 52.80, 0.01, 0.89, 0.90, 0.42, 1.15, 1.20, 0.56, 0.73, 0.75, 0.12, 1.03, 1.04, 0.18
71106, 0, 0.90, 0.50, -2.11, 0.01, 100.35, 1.32, 52.80, 0.01, 0.89, 0.89, 0.35, 1.15, 1.14, 0.56, 0.73, 0.73, 0.16, 1.03, 1.04, 0.12
71116, 0, 0.90, 0.50, -1.67, -0.46, 100.52, 1.32, 52.80, 0.01, 0.89, 0.90, 0.44, 1.15, 1.17, 0.68, 0.73, 0.73, 0.28, 1.03, 1.03, 0.19
71126, 0, 0.90, 0.50, -2.61, -0.03, 100.79, 1.32, 52.80, 0.01, 0.89, 0.90, 0.23, 1.15, 1.13, 0.77, 0.73, 0.76, 0.09, 1.03, 1.04, 0.09
71136, 0, 0.90, 0.50, -1.86, 0.04, 100.94, 1.32, 52.80, 0.01, 0.89, 0.89, 0.46, 1.15, 1.20, 0.51, 0.73, 0.75, 0.04, 1.03, 1.03, 0.18
71146, 0, 0.90, 0.50, -2.15, -0.32, 101.13, 1.32, 52.80, 0.01, 0.89, 0.90, 0.33, 1.15, 1.15, 0.60, 0.73, 0.75, 0.19, 1.03, 1.04, 0.09
71156, 0, 0.90, 0.50, -2.41, -0.17, 101.32, 1.32, 52.80, 0.01, 0.89, 0.87, 0.42, 1.15, 1.17, 0.67, 0.73, 0.75, 0.04, 1.03, 1.04, 0.14
71166, 0, 0.90, 0.50, -2.41, -0.28, 101.39, 1.32, 52.80, 0.01, 0.89, 0.89, 0.47, 1.15, 1.14, 0.79, 0.73, 0.73, 0.19, 1.03, 1.04, 0.11
71176, 0, 0.90, 0.50, -2.43, -0.24, 101.49, 1.32, 52.80, 0.01, 0.89, 0.90, 0.26, 1.15, 1.18, 0.46, 0.73, 0.75, 0.14, 1.03, 1.03, 0.18
71186, 0, 0.90, 0.50, -2.33, -0.19, 101.57, 1.32, 52.80, 0.01, 0.89, 0.90, 0.37, 1.15, 1.18, 0.72, 0.73, 0.75, 0.05, 1.03, 1.04, 0.12
71196, 0, 0.90, 0.50, -2.42, -0.31, 101.68, 1.32, 52.80, 0.01, 0.89, 0.90, 0.26, 1.15, 1.14, 0.51, 0.73, 0.73, 0.11, 1.03, 1.04, 0.11
71206, 0, 0.90, 0.50, -2.41, -0.28, 101.75, 1.32, 52.80, 0.01, 0.89, 0.87, 0.46, 1.15, 1.17, 0.75, 0.73, 0.75, 0.07, 1.03, 1.04, 0.05
71216, 0, 0.90, 0.50, -2.45, -0.14, 101.77, 1.32, 52.80, 0.01, 0.89, 0.90, 0.39, 1.15, 1.14, 0.68, 0.73, 0.75, 0.04, 1.03, 1.03, 0.18
71226, 0, 0.90, 0.50, -2.46, -0.21, 101.78, 1.32, 52.80, 0.01, 0.89, 0.89, 0.39, 1.15, 1.17, 0.67, 0.73, 0.73, 0.12, 1.03, 1.03, 0.11
71236, 0, 0.90, 0.50, -2.42, -0.14, 101.71, 1.32, 52.80, 0.01, 0.89, 0.92, 0.32, 1.15, 1.14, 0.68, 0.73, 0.75, 0.04, 1.03, 1.01, 0.23
71246, 0, 0.90, 0.50, -2.28, -0.12, 101.63, 1.32, 52.80, 0.01, 0.89, 0.92, 0.21, 1.15, 1.17, 0.65, 0.73, 0.75, 0.04, 1.03, 1.04, 0.16
71256, 0, 0.90, 0.50, -2.21, -0.14, 101.56, 1.32, 52.80, 0.01, 0.89, 0.89, 0.35, 1.15, 1.13, 0.77, 0.73, 0.75, 0.05, 1.03, 1.03, 0.14
71266, 0, 0.90, 0.50, -2.31, -0.21, 101.54, 1.32, 52.80, 0.01, 0.89, 0.89, 0.33, 1.15, 1.17, 0.63, 0.73, 0.75, 0.04, 1.03, 1.04, 0.16
71276, 0, 0.90, 0.50, -2.16, -0.11, 101.50, 1.32, 52.80, 0.01, 0.89, 0.87, 0.44, 1.15, 1.18, 0.72, 0.73, 0.73, 0.04, 1.03, 1.01, 0.21
71286, 0, 0.90, 0.50, -2.09, -0.09, 101.49, 1.32, 52.80, 0.01, 0.89, 0.90, 0.32, 1.15, 1.15, 0.51, 0.73, 0.73, 0.12, 1.03, 1.04, 0.19
71296, 0, 0.90, 0.50, -2.26, -0.03, 101.46, 1.32, 52.80, 0.01, 0.89, 0.89, 0.33, 1.15, 1.15, 0.82, 0.73, 0.75, 0.02, 1.03, 1.03, 0.18
71306, 0, 0.90, 0.50, -2.36, -0.06, 101.43, 1.32, 52.80, 0.01, 0.89, 0.90, 0.35, 1.15, 1.14, 0.70, 0.73, 0.73, 0.07, 1.03, 1.06, 0.11
71316, 0, 0.90, 0.50, -2.58, -0.13, 101.36, 1.32, 52.80, 0.01, 0.89, 0.89, 0.35, 1.15, 1.18, 0.72, 0.73, 0.73, 0.09, 1.03, 1.03, 0.14
71326, 0, 0.90, 0.50, -2.34, -0.06, 101.25, 1.32, 52.80, 0.01, 0.89, 0.89, 0.44, 1.15, 1.15, 0.70, 0.73, 0.75, 0.02, 1.03, 1.04, 0.12
71336, 0, 0.90, 0.50, -2.24, -0.26, 101.15, 1.32, 52.80, 0.01, 0.89, 0.90, 0.30, 1.15, 1.18, 0.61, 0.73, 0.73, 0.09, 1.03, 1.03, 0.16
71346, 0, 0.90, 0.50, -2.25, -0.17, 101.03, 1.32, 52.80, 0.01, 0.89, 0.87, 0.39, 1.15, 1.14, 0.72, 0.73, 0.75, 0.09, 1.03, 1.06, 0.12
71369, 0, 0.90, 0.50, -2.32, -0.32, 100.95, 1.32, 52.80, 0.01, 0.89, 0.89, 0.35, 1.15, 1.17, 0.79, 0.73, 0.73, 0.19, 1.03, 1.04, 0.09
71376, 0, 0.90, 0.50, -2.36, -0.45, 100.87, 1.32, 52.80, 0.01, 0.89, 0.89, 0.46, 1.15, 1.15, 0.60, 0.73, 0.73, 0.12, 1.03, 1.03, 0.14
71386, 0, 0.90, 0.50, -2.26, -0.30, 100.78, 1.32, 52.80, 0.01, 0.89, 0.90, 0.33, 1.15, 1.17, 0.75, 0.73, 0.75, 0.05, 1.03, 1.04, 0.23
71396, 0, 0.90, 0.50, -2.20, -0.22, 100.72, 1.32, 52.80, 0.01, 0.89, 0.89, 0.40, 1.15, 1.15, 0.63, 0.73, 0.73, 0.14, 1.03, 1.03, 0.09
71408, 0, 0.90, 0.50, -2.35, -0.36, 100.67, 1.32, 52.80, 0.01, 0.89, 0.90, 0.32, 1.15, 1.18, 0.65, 0.73, 0.76, 0.02, 1.03, 1.04, 0.11
71416, 0, 0.90, 0.50, -2.49, -0.48, 100.63, 1.32, 52.80, 0.01, 0.89, 0.89, 0.39, 1.15, 1.15, 0.63, 0.73, 0.75, 0.05, 1.03, 1.03, 0.12
71426, 0, 0.90, 0.50, -2.41, -0.38, 100.54, 1.32, 52.80, 0.01, 0.89, 0.92, 0.33, 1.15, 1.18, 0.70, 0.73, 0.73, 0.09, 1.03, 1.03, 0.21
71436, 0, 0.90, 0.50, -2.28, -0.30, 100.49, 1.32, 52.80, 0.01, 0.89, 0.89, 0.28, 1.15, 1.14, 0.68, 0.73, 0.75, 0.07, 1.03, 1.03, 0.16
71446, 0, 0.90, 0.50, -2.24, -0.29, 100.48, 1.32, 52.80, 0.01, 0.89, 0.89, 0.40, 1.15, 1.18, 0.67, 0.73, 0.75, 0.04, 1.03, 1.03, 0.23
71456, 0, 0.90, 0.50, -2.04, -0.32, 100.54, 1.32, 52.80, 0.01, 0.89, 0.90, 0.28, 1.15, 1.15, 0.67, 0.73, 0.73, 0.14, 1.03, 1.04, 0.12
71466, 0, 0.90, 0.50, -2.20, -0.29, 100.66, 1.32, 52.80, 0.01, 0.89, 0.89, 0.42, 1.15, 1.18, 0.47, 0.73, 0.75, 0.05, 1.03, 1.04, 0.14
71476, 0, 0.90, 0.50, -2.13, -0.28, 100.74, 1.32, 52.80, 0.01, 0.89, 0.92, 0.21, 1.15, 1.17, 0.72, 0.73, 0.75, 0.04, 1.03, 1.03, 0.14
71486, 0, 0.90, 0.50, -1.94, -0.16, 100.81, 1.32, 52.80, 0.01, 0.89, 0.89, 0.37, 1.15, 1.17, 0.56, 0.73, 0.73, 0.16, 1.03, 1.03, 0.26
71496, 0, 0.90, 0.50, -1.93, -0.25, 100.92, 1.32, 52.80, 0.01, 0.89, 0.90, 0.37, 1.15, 1.17, 0.67, 0.73, 0.75, 0.05, 1.03, 1.04, 0.11
71506, 0, 0.90, 0.50, -2.20, -0.26, 100.95, 1.32, 52.80, 0.01, 0.89, 0.89, 0.35, 1.15, 1.17, 0.54, 0.73, 0.73, 0.05, 1.03, 1.04, 0.12
71516, 0, 0.90, 0.50, -1.86, -0.19, 100.90, 1.32, 52.80, 0.01, 0.89, 0.87, 0.46, 1.15, 1.17, 0.63, 0.73, 0.73, 0.12, 1.03, 1.04, 0.12
71526, 0, 0.90, 0.50, -1.86, -0.52, 101.00, 1.32, 52.80, 0.01, 0.89, 0.90, 0.37, 1.15, 1.13, 0.75, 0.73, 0.73, 0.09, 1.03, 1.04, 0.16
71536, 0, 0.90, 0.50, -2.44, -0.48, 101.14, 1.32, 52.80, 0.01, 0.89, 0.90, 0.28, 1.15, 1.18, 0.63, 0.73, 0.72, 0.14, 1.03, 1.03, 0.12
71546, 0, 0.90, 0.50, -1.74, -0.60, 101.25, 1.32, 52.80, 0.01, 0.89, 0.92, 0.23, 1.15, 1.17, 0.35, 0.73, 0.73, 0.21, 1.03, 1.01, 0.28
71556, 0, 0.90, 0.50, -1.86, -1.41, 101.46, 1.32, 52.80, 0.01, 0.89, 0.87, 0.28, 1.15, 1.17, 0.60, 0.73, 0.75, 0.07, 1.03, 1.06, 0.07
71566, 0, 0.90, 0.50, -1.85, -0.65, 101.69, 1.32, 52.80, 0.01, 0.89, 0.89, 0.47, 1.15, 1.15, 0.65, 0.73, 0.72, 0.25, 1.03, 1.03, 0.21
71576, 0, 0.90, 0.50, -1.67, -0.49, 101.77, 1.32, 52.80, 0.01, 0.89, 0.89, 0.26, 1.15, 1.17, 0.40, 0.73, 0.73, 0.23, 1.03, 1.04, 0.16
71586, 0, 0.90, 0.50, -2.03, 0.06, 101.78, 1.32, 52.80, 0.01, 0.89, 0.89, 0.44, 1.15, 1.17, 0.68, 0.73, 0.75, 0.11, 1.03, 1.01, 0.25
71596, 0, 0.90, 0.50, -1.74, -0.73, 101.77, 1.32, 52.80, 0.01, 0.89, 0.92, 0.26, 1.15, 1.15, 0.44, 0.73, 0.73, 0.25, 1.03, 1.04, 0.16
71606, 0, 0.90, 0.50, -2.14, 0.00, 101.80, 1.32, 52.80, 0.01, 0.89, 0.90, 0.35, 1.15, 1.17, 0.74, 0.73, 0.73, 0.23, 1.03, 1.03, 0.23
71616, 0, 0.90, 0.50, -2.10, -0.14, 101.83, 1.32, 52.80, 0.01, 0.89, 0.90, 0.32, 1.15, 1.14, 0.47, 0.73, 0.75, 0.11, 1.03, 1.04, 0.09
71626, 0, 0.90, 0.50, -2.28, -0.32, 101.84, 1.32, 52.80, 0.01, 0.89, 0.87, 0.39, 1.15, 1.17, 0.70, 0.73, 0.73, 0.28, 1.03, 1.01, 0.26
71636, 0, 0.90, 0.50, -2.08, -0.35, 101.81, 1.32, 52.80, 0.01, 0.89, 0.90, 0.44, 1.15, 1.17, 0.53, 0.73, 0.75, 0.12, 1.03, 1.04, 0.14
71646, 0, 0.90, 0.50, -1.96, -0.45, 101.78, 1.32, 52.80, 0.01, 0.89, 0.90, 0.25, 1.15, 1.18, 0.47, 0.73, 0.75, 0.11, 1.03, 1.01, 0.26
71656, 0, 0.90, 0.50, -2.05, -0.35, 101.77, 1.32, 52.80, 0.01, 0.89, 0.90, 0.33, 1.15, 1.14, 0.60, 0.73, 0.73, 0.26, 1.03, 1.04, 0.16
71666, 0, 0.90, 0.50, -2.09, -0.35, 101.76, 1.32, 52.80, 0.01, 0.89, 0.92, 0.16, 1.15, 1.17, 0.54, 0.73, 0.75, 0.12, 1.03, 1.03, 0.23
71690, 0, 0.90, 0.50, -1.53, -0.33, 101.71, 1.32, 52.80, 0.01, 0.89, 0.90, 0.16, 1.15, 1.15, 0.53, 0.73, 0.75, 0.16, 1.03, 1.03, 0.32
71696, 0, 0.90, 0.50, -0.78, -0.31, 101.66, 1.32, 52.80, 0.01, 0.89, 0.89, 0.25, 1.15, 1.15, 0.65, 0.73, 0.75, 0.09, 1.03, 1.04, 0.21
71706, 0, 0.90, 0.50, -1.60, -0.49, 101.78, 1.32, 52.80, 0.01, 0.89, 0.90, 0.39, 1.15, 1.14, 0.72, 0.73, 0.73, 0.12, 1.03, 1.03, 0.19
71716, 0, 0.90, 0.50, -2.58, -0.27, 101.92, 1.32, 52.80, 0.01, 0.89, 0.92, 0.11, 1.15, 1.20, 0.56, 0.73, 0.73, 0.21, 1.03, 1.06, 0.18
71727, 0, 0.90, 0.50, -2.07, -0.42, 102.06, 1.32, 52.80, 0.01, 0.89, 0.87, 0.32, 1.15, 1.13, 0.49, 0.73, 0.75, 0.09, 1.03, 1.03, 0.25
71736, 0, 0.90, 0.50, -3.10, -0.73, 102.25, 1.32, 52.80, 0.01, 0.89, 0.87, 0.46, 1.15, 1.18, 0.68, 0.73, 0.72, 0.19, 1.03, 1.04, 0.21
71746, 0, 0.90, 0.50, -2.50, -0.37, 102.31, 1.32, 52.80, 0.01, 0.89, 0.87, 0.42, 1.15, 1.15, 0.40, 0.73, 0.73, 0.30, 1.03, 1.03, 0.18
71756, 0, 0.90, 0.50, -2.29, -0.53, 102.37, 1.32, 52.80, 0.01, 0.89, 0.89, 0.39, 1.15, 1.18, 0.56, 0.73, 0.75, 0.09, 1.03, 1.06, 0.21
71766, 0, 0.90, 0.50, -2.42, -0.26, 102.47, 1.32, 52.80, 0.01, 0.89, 0.90, 0.26, 1.15, 1.15, 0.53, 0.73, 0.73, 0.23, 1.03, 1.03, 0.14
71776, 0, 0.90, 0.50, -2.30, -0.49, 102.56, 1.32, 52.80, 0.01, 0.89, 0.89, 0.37, 1.15, 1.18, 0.39, 0.73, 0.73, 0.25, 1.03, 1.06, 0.16
71786, 0, 0.90, 0.50, -2.37, -0.51, 102.60, 1.32, 52.80, 0.01, 0.89, 0.90, 0.32, 1.15, 1.17, 0.58, 0.73, 0.75, 0.09, 1.03, 1.01, 0.14
71796, 0, 0.90, 0.50, -2.09, -0.13, 102.52, 1.32, 52.80, 0.01, 0.89, 0.87, 0.46, 1.15, 1.17, 0.32, 0.73, 0.73, 0.23, 1.03, 1.03, 0.28
71806, 0, 0.90, 0.50, -2.10, -0.52, 102.40, 1.32, 52.80, 0.01, 0.89, 0.90, 0.37, 1.15, 1.17, 0.56, 0.73, 0.75, 0.21, 1.03, 1.03, 0.14
71816, 0, 0.90, 0.50, -2.41, -0.07, 102.21, 1.32, 52.80, 0.01, 0.89, 0.90, 0.32, 1.15, 1.14, 0.46, 0.73, 0.75, 0.12, 1.03, 1.03, 0.28
71826, 0, 0.90, 0.50, -2.31, -0.31, 101.94, 1.32, 52.80, 0.01, 0.89, 0.90, 0.37, 1.15, 1.17, 0.51, 0.73, 0.73, 0.28, 1.03, 1.03, 0.16
71836, 0, 0.90, 0.50, -2.31, -0.23, 101.63, 1.32, 52.80, 0.01, 0.89, 0.90, 0.39, 1.15, 1.14, 0.60, 0.73, 0.75, 0.16, 1.03, 1.03, 0.28
71846, 0, 0.90, 0.50, -2.35, -0.27, 100.99, 1.32, 52.80, 0.01, 0.89, 0.89, 0.32, 1.15, 1.21, 0.33, 0.73, 0.75, 0.05, 1.03, 1.03, 0.18
71856, 0, 0.90, 0.50, -2.16, 0.06, 99.98, 1.32, 52.80, 0.01, 0.89, 0.92, 0.25, 1.15, 1.14, 0.46, 0.73, 0.73, 0.18, 1.03, 1.03, 0.28
71866, 0, 0.90, 0.50, -1.51, -0.48, 98.76, 1.32, 52.80, 0.01, 0.89, 0.89, 0.26, 1.15, 1.20, 0.23, 0.73, 0.75, 0.12, 1.03, 1.03, 0.32
71876, 0, 0.90, 0.50, -2.13, -0.26, 98.02, 1.32, 52.80, 0.01, 0.89, 0.87, 0.46, 1.15, 1.14, 0.53, 0.73, 0.73, 0.14, 1.03, 1.03, 0.30
71886, 0, 0.90, 0.50, -2.19, -0.10, 96.92, 1.32, 52.80, 0.01, 0.89, 0.89, 0.39, 1.15, 1.14, 0.56, 0.73, 0.73, 0.21, 1.03, 1.03, 0.32
71896, 0, 0.90, 0.50, -1.82, 0.07, 96.09, 1.32, 52.80, 0.01, 0.89, 0.89, 0.37, 1.15, 1.14, 0.67, 0.73, 0.75, 0.09, 1.03, 1.01, 0.39
71906, 0, 0.90, 0.50, -1.93, -0.05, 95.69, 1.32, 52.80, 0.01, 0.89, 0.90, 0.26, 1.15, 1.14, 0.53, 0.73, 0.75, 0.12, 1.03, 1.04, 0.25
71916, 0, 0.90, 0.50, -2.07, -0.05, 95.73, 1.32, 52.80, 0.01, 0.89, 0.89, 0.40, 1.15, 1.15, 0.68, 0.73, 0.75, 0.14, 1.03, 1.03, 0.33
71926, 0, 0.90, 0.50, -2.31, -0.15, 95.76, 1.32, 52.80, 0.01, 0.89, 0.90, 0.32, 1.15, 1.13, 0.61, 0.73, 0.76, 0.05, 1.03, 1.04, 0.25
71936, 0, 0.90, 0.50, -2.22, -0.19, 95.78, 1.32, 52.80, 0.01, 0.89, 0.89, 0.32, 1.15, 1.17, 0.70, 0.73, 0.73, 0.12, 1.03, 1.04, 0.35
71946, 0, 0.90, 0.50, -2.29, -0.09, 95.87, 1.32, 52.80, 0.01, 0.89, 0.92, 0.25, 1.15, 1.15, 0.60, 0.73, 0.73, 0.14, 1.03, 1.04, 0.19
71956, 0, 0.90, 0.50, -2.22, -0.17, 96.06, 1.32, 52.80, 0.01, 0.89, 0.90, 0.16, 1.15, 1.20, 0.49, 0.73, 0.75, 0.07, 1.03, 1.04, 0.33
71966, 0, 0.90, 0.50, -1.89, -0.15, 96.20, 1.32, 52.80, 0.01, 0.89, 0.87, 0.40, 1.15, 1.13, 0.67, 0.73, 0.73, 0.12, 1.03, 1.04, 0.14
71976, 0, 0.90, 0.50, -2.27, -0.46, 96.68, 1.32, 52.80, 0.01, 0.89, 0.89, 0.37, 1.15, 1.21, 0.42, 0.73, 0.75, 0.11, 1.03, 1.03, 0.30
71999, 0, 0.90, 0.50, -2.42, -0.72, 97.40, 1.32, 52.80, 0.01, 0.89, 0.92, 0.19, 1.15, 1.15, 0.37, 0.73, 0.72, 0.26, 1.03, 1.04, 0.30
72006, 0, 0.90, 0.50, -2.51, -0.93, 98.13, 1.32, 52.80, 0.01, 0.89, 0.87, 0.26, 1.15, 1.15, 0.56, 0.73, 0.73, 0.23, 1.03, 1.06, 0.16
72016, 0, 0.90, 0.50, -2.50, -0.87, 98.78, 1.32, 52.80, 0.01, 0.89, 0.89, 0.47, 1.15, 1.14, 0.42, 0.73, 0.73, 0.12, 1.03, 1.03, 0.25
72026, 0, 0.90, 0.50, -2.44, -0.51, 99.31, 1.32, 52.80, 0.01, 0.89, 0.89, 0.35, 1.15, 1.15, 0.63, 0.73, 0.72, 0.28, 1.03, 1.04, 0.16
72038, 0, 0.90, 0.50, -2.44, -0.58, 99.53, 1.32, 52.80, 0.01, 0.89, 0.89, 0.47, 1.15, 1.15, 0.58, 0.73, 0.75, 0.12, 1.03, 1.03, 0.28
72046, 0, 0.90, 0.50, -2.44, -0.63, 99.71, 1.32, 52.80, 0.01, 0.89, 0.90, 0.39, 1.15, 1.18, 0.46, 0.73, 0.76, 0.05, 1.03, 1.03, 0.26
72056, 0, 0.90, 0.50, -2.38, -0.35, 99.72, 1.32, 52.80, 0.01, 0.89, 0.87, 0.47, 1.15, 1.14, 0.61, 0.73, 0.75, 0.14, 1.03, 1.03, 0.30
72066, 0, 0.90, 0.50, -2.15, -0.58, 99.71, 1.32, 52.80, 0.01, 0.89, 0.92, 0.35, 1.15, 1.18, 0.46, 0.73, 0.76, 0.04, 1.03, 1.04, 0.16
72076, 0, 0.90, 0.50, -2.13, -0.28, 99.94, 1.32, 52.80, 0.01, 0.89, 0.89, 0.28, 1.15, 1.14, 0.67, 0.73, 0.73, 0.14, 1.03, 1.03, 0.28
72086, 0, 0.90, 0.50, -2.23, -0.05, 100.17, 1.32, 52.80, 0.01, 0.89, 0.90, 0.42, 1.15, 1.18, 0.53, 0.73, 0.73, 0.21, 1.03, 1.03, 0.25
72096, 0, 0.90, 0.50, -2.20, -0.14, 100.41, 1.32, 52.80, 0.01, 0.89, 0.89, 0.33, 1.15, 1.15, 0.58, 0.73, 0.75, 0.02, 1.03, 1.01, 0.35
72106, 0, 0.90, 0.50, -2.18, 0.02, 100.72, 1.32, 52.80, 0.01, 0.89, 0.87, 0.49, 1.15, 1.17, 0.44, 0.73, 0.73, 0.11, 1.03, 1.06, 0.18
72116, 0, 0.90, 0.50, -2.05, -0.13, 100.95, 1.32, 52.80, 0.01, 0.89, 0.92, 0.39, 1.15, 1.18, 0.61, 0.73, 0.73, 0.14, 1.03, 1.03, 0.23
72126, 0, 0.90, 0.50, -1.98, -0.09, 101.28, 1.32, 52.80, 0.01, 0.89, 0.89, 0.33, 1.15, 1.15, 0.39, 0.73, 0.75, 0.04, 1.03, 1.06, 0.18
72136, 0, 0.90, 0.50, -2.34, -0.18, 101.65, 1.32, 52.80, 0.01, 0.89, 0.92, 0.33, 1.15, 1.17, 0.60, 0.73, 0.73, 0.12, 1.03, 1.03, 0.21
72146, 0, 0.90, 0.50, -2.04, 0.02, 101.80, 1.32, 52.80, 0.01, 0.89, 0.90, 0.23, 1.15, 1.15, 0.42, 0.73, 0.73, 0.19, 1.03, 1.06, 0.19
72156, 0, 0.90, 0.50, -2.19, -0.29, 101.90, 1.32, 52.80, 0.01, 0.89, 0.89, 0.44, 1.15, 1.17, 0.53, 0.73, 0.73, 0.07, 1.03, 1.03, 0.21
72166, 0, 0.90, 0.50, -2.23, -0.08, 101.93, 1.32, 52.80, 0.01, 0.89, 0.90, 0.35, 1.15, 1.14, 0.56, 0.73, 0.73, 0.19, 1.03, 1.06, 0.16
72176, 0, 0.90, 0.50, -2.25, -0.01, 101.91, 1.32, 52.80, 0.01, 0.89, 0.89, 0.37, 1.15, 1.17, 0.47, 0.73, 0.75, 0.14, 1.03, 1.03, 0.16
72186, 0, 0.90, 0.50, -2.20, -0.26, 101.79, 1.32, 52.80, 0.01, 0.89, 0.92, 0.23, 1.15, 1.15, 0.61, 0.73, 0.75, 0.11, 1.03, 1.04, 0.18
72196, 0, 0.90, 0.50, -2.08, -0.48, 101.70, 1.32, 52.80, 0.01, 0.89, 0.86, 0.44, 1.15, 1.18, 0.30, 0.73, 0.72, 0.23, 1.03, 1.03, 0.16
72206, 0, 0.90, 0.50, -1.98, 0.06, 101.55, 1.32, 52.80, 0.01, 0.89, 0.89, 0.49, 1.15, 1.15, 0.54, 0.73, 0.75, 0.18, 1.03, 1.04, 0.23
72216, 0, 0.90, 0.50, -1.86, -0.74, 101.36, 1.32, 52.80, 0.01, 0.89, 0.90, 0.35, 1.15, 1.17, 0.42, 0.73, 0.75, 0.11, 1.03, 1.01, 0.19
72226, 0, 0.90, 0.50, -2.00, 0.43, 101.27, 1.32, 52.80, 0.01, 0.89, 0.89, 0.44, 1.15, 1.18, 0.37, 0.73, 0.72, 0.30, 1.03, 1.04, 0.23
72236, 0, 0.90, 0.50, -1.95, -0.47, 101.10, 1.32, 52.80, 0.01, 0.89, 0.92, 0.32, 1.15, 1.15, 0.37, 0.73, 0.75, 0.14, 1.03, 1.03, 0.16
72246, 0, 0.90, 0.50, -2.26, -0.62, 100.96, 1.32, 52.80, 0.01, 0.89, 0.87, 0.40, 1.15, 1.17, 0.42, 0.73, 0.75, 0.09, 1.03, 1.04, 0.21
72256, 0, 0.90, 0.50, -2.19, -0.45, 100.82, 1.32, 52.80, 0.01, 0.89, 0.90, 0.39, 1.15, 1.14, 0.42, 0.73, 0.73, 0.26, 1.03, 1.03, 0.19
72266, 0, 0.90, 0.50, -2.15, -0.15, 100.85, 1.32, 52.80, 0.01, 0.89, 0.89, 0.39, 1.15, 1.15, 0.49, 0.73, 0.75, 0.14, 1.03, 1.04, 0.25
72276, 0, 0.90, 0.50, -2.18, -0.34, 100.97, 1.32, 52.80, 0.01, 0.89, 0.87, 0.53, 1.15, 1.15, 0.54, 0.73, 0.73, 0.12, 1.03, 1.03, 0.18
72286, 0, 0.90, 0.50, -2.27, -0.19, 101.10, 1.32, 52.80, 0.01, 0.89, 0.90, 0.40, 1.15, 1.17, 0.37, 0.73, 0.73, 0.28, 1.03, 1.04, 0.23
72296, 0, 0.90, 0.50, -2.26, -0.00, 101.16, 1.32, 52.80, 0.01, 0.89, 0.89, 0.53, 1.15, 1.14, 0.60, 0.73, 0.75, 0.12, 1.03, 1.03, 0.14
72320, 0, 0.90, 0.50, -2.25, -0.21, 101.23, 1.32, 52.80, 0.01, 0.89, 0.89, 0.46, 1.15, 1.18, 0.47, 0.73, 0.75, 0.14, 1.03, 1.04, 0.16
72326, 0, 0.90, 0.50, -2.25, -0.35, 101.29, 1.32, 52.80, 0.01, 0.89, 0.90, 0.39, 1.15, 1.15, 0.37, 0.73, 0.76, 0.04, 1.03, 1.06, 0.14
72336, 0, 0.90, 0.50, -2.22, -0.45, 101.35, 1.32, 52.80, 0.01, 0.89, 0.89, 0.42, 1.15, 1.17, 0.61, 0.73, 0.73, 0.12, 1.03, 1.04, 0.11
72346, 0, 0.90, 0.50, -2.30, -0.24, 101.35, 1.32, 52.80, 0.01, 0.89, 0.90, 0.49, 1.15, 1.14, 0.54, 0.73, 0.73, 0.19, 1.03, 1.03, 0.19
72357, 0, 0.90, 0.50, -2.51, -0.39, 101.28, 1.32, 52.80, 0.01, 0.89, 0.90, 0.30, 1.15, 1.18, 0.49, 0.73, 0.75, 0.07, 1.03, 1.03, 0.11
72366, 0, 0.90, 0.50, -1.95, -0.62, 101.15, 1.32, 52.80, 0.01, 0.89, 0.89, 0.47, 1.15, 1.15, 0.46, 0.73, 0.73, 0.19, 1.03, 1.06, 0.14
72376, 0, 0.90, 0.50, -1.66, -0.45, 101.10, 1.32, 52.80, 0.01, 0.89, 0.93, 0.14, 1.15, 1.18, 0.37, 0.73, 0.73, 0.21, 1.03, 1.03, 0.07
72386, 0, 0.90, 0.50, -1.97, -0.64, 101.18, 1.32, 52.80, 0.01, 0.89, 0.87, 0.42, 1.15, 1.14, 0.56, 0.73, 0.75, 0.05, 1.03, 1.03, 0.18
72396, 0, 0.90, 0.50, -2.02, -0.54, 101.30, 1.32, 52.80, 0.01, 0.89, 0.89, 0.51, 1.15, 1.17, 0.39, 0.73, 0.73, 0.14, 1.03, 1.03, 0.12
72406, 0, 0.90, 0.50, -1.95, -0.14, 101.32, 1.32, 52.80, 0.01, 0.89, 0.90, 0.28, 1.15, 1.17, 0.54, 0.73, 0.75, 0.14, 1.03, 1.01, 0.26
72416, 0, 0.90, 0.50, -2.06, -0.46, 101.31, 1.32, 52.80, 0.01, 0.89, 0.90, 0.40, 1.15, 1.17, 0.35, 0.73, 0.75, 0.07, 1.03, 1.03, 0.16
72426, 0, 0.90, 0.50, -2.12, -0.57, 101.26, 1.32, 52.80, 0.01, 0.89, 0.90, 0.30, 1.15, 1.17, 0.49, 0.73, 0.73, 0.16, 1.03, 1.01, 0.28
72436, 0, 0.90, 0.50, -2.06, -0.35, 101.17, 1.32, 52.80, 0.01, 0.89, 0.89, 0.39, 1.15, 1.14, 0.47, 0.73, 0.73, 0.14, 1.03, 1.04, 0.14
72446, 0, 0.90, 0.50, -2.18, -0.29, 101.06, 1.32, 52.80, 0.01, 0.89, 0.90, 0.35, 1.15, 1.18, 0.61, 0.73, 0.73, 0.12, 1.03, 1.03, 0.28
72456, 0, 0.90, 0.50, -2.13, -0.33, 100.99, 1.32, 52.80, 0.01, 0.89, 0.87, 0.42, 1.15, 1.14, 0.44, 0.73, 0.73, 0.19, 1.03, 1.04, 0.16
72466, 0, 0.90, 0.50, -2.13, -0.34, 100.92, 1.32, 52.80, 0.01, 0.89, 0.89, 0.47, 1.15, 1.18, 0.51, 0.73, 0.75, 0.12, 1.03, 1.03, 0.25
72476, 0, 0.90, 0.50, -2.05, -0.23, 100.89, 1.32, 52.80, 0.01, 0.89, 0.90, 0.32, 1.15, 1.14, 0.51, 0.73, 0.73, 0.11, 1.03, 1.04, 0.18
72486, 0, 0.90, 0.50, -2.11, -0.11, 100.88, 1.32, 52.80, 0.01, 0.89, 0.89, 0.46, 1.15, 1.17, 0.47, 0.73, 0.73, 0.21, 1.03, 1.03, 0.26
72496, 0, 0.90, 0.50, -2.05, -0.14, 100.84, 1.32, 52.80, 0.01, 0.89, 0.89, 0.35, 1.15, 1.14, 0.60, 0.73, 0.75, 0.12, 1.03, 1.04, 0.18
72506, 0, 0.90, 0.50, -2.30, -0.06, 100.82, 1.32, 52.80, 0.01, 0.89, 0.87, 0.49, 1.15, 1.15, 0.56, 0.73, 0.75, 0.09, 1.03, 1.03, 0.30
72516, 0, 0.90, 0.50, -2.04, -0.02, 100.75, 1.32, 52.80, 0.01, 0.89, 0.90, 0.46, 1.15, 1.17, 0.54, 0.73, 0.73, 0.19, 1.03, 1.04, 0.18
72526, 0, 0.90, 0.50, -2.01, -0.06, 100.74, 1.32, 52.80, 0.01, 0.89, 0.90, 0.35, 1.15, 1.13, 0.54, 0.73, 0.75, 0.09, 1.03, 1.03, 0.28
72536, 0, 0.90, 0.50, -2.07, 0.06, 100.70, 1.32, 52.80, 0.01, 0.89, 0.90, 0.42, 1.15, 1.17, 0.68, 0.73, 0.75, 0.12, 1.03, 1.06, 0.16
72546, 0, 0.90, 0.50, -2.05, -0.08, 100.70, 1.32, 52.80, 0.01, 0.89, 0.92, 0.19, 1.15, 1.15, 0.51, 0.73, 0.76, 0.07, 1.03, 1.03, 0.25
72556, 0, 0.90, 0.50, -2.17, -0.16, 100.73, 1.32, 52.80, 0.01, 0.89, 0.90, 0.37, 1.15, 1.17, 0.58, 0.73, 0.75, 0.02, 1.03, 1.04, 0.16
72566, 0, 0.90, 0.50, -2.41, -0.28, 100.72, 1.32, 52.80, 0.01, 0.89, 0.90, 0.30, 1.15, 1.14, 0.56, 0.73, 0.73, 0.11, 1.03, 1.03, 0.19
72576, 0, 0.90, 0.50, -1.76, -0.43, 100.68, 1.32, 52.80, 0.01, 0.89, 0.89, 0.44, 1.15, 1.18, 0.65, 0.73, 0.76, 0.05, 1.03, 1.06, 0.11
72586, 0, 0.90, 0.50, -2.15, -0.27, 100.76, 1.32, 52.80, 0.01, 0.89, 0.92, 0.30, 1.15, 1.14, 0.60, 0.73, 0.73, 0.09, 1.03, 1.03, 0.21
72596, 0, 0.90, 0.50, -2.08, -0.38, 100.82, 1.32, 52.80, 0.01, 0.89, 0.89, 0.28, 1.15, 1.17, 0.56, 0.73, 0.70, 0.30, 1.03, 1.04, 0.11
72606, 0, 0.90, 0.50, -2.01, -0.34, 100.81, 1.32, 52.80, 0.01, 0.89, 0.90, 0.33, 1.15, 1.15, 0.67, 0.73, 0.75, 0.11, 1.03, 1.01, 0.21
72647, 0, 0.90, 0.50, -2.11, -0.52, 100.92, 1.32, 52.80, 0.01, 0.89, 0.89, 0.35, 1.15, 1.18, 0.65, 0.73, 0.73, 0.09, 1.03, 1.03, 0.21
72656, 0, 0.90, 0.50, -2.19, -0.69, 101.03, 1.32, 52.80, 0.01, 0.89, 0.90, 0.33, 1.15, 1.17, 0.61, 0.73, 0.73, 0.18, 1.03, 1.04, 0.21
72666, 0, 0.90, 0.50, -2.17, -0.50, 101.17, 1.32, 52.80, 0.01, 0.89, 0.90, 0.26, 1.15, 1.18, 0.49, 0.73, 0.75, 0.04, 1.03, 1.01, 0.19
72676, 0, 0.90, 0.50, -2.12, -0.47, 101.29, 1.32, 52.80, 0.01, 0.89, 0.89, 0.35, 1.15, 1.14, 0.60, 0.73, 0.73, 0.14, 1.03, 1.04, 0.25
72688, 0, 0.90, 0.50, -2.27, -0.27, 101.47, 1.32, 52.80, 0.01, 0.89, 0.89, 0.35, 1.15, 1.18, 0.42, 0.73, 0.73, 0.18, 1.03, 1.01, 0.21
72696, 0, 0.90, 0.50, -2.41, -0.09, 101.66, 1.32, 52.80, 0.01, 0.89, 0.87, 0.42, 1.15, 1.14, 0.60, 0.73, 0.75, 0.05, 1.03, 1.04, 0.28
72706, 0, 0.90, 0.50, -2.49, -0.18, 101.79, 1.32, 52.80, 0.01, 0.89, 0.90, 0.30, 1.15, 1.18, 0.49, 0.73, 0.73, 0.12, 1.03, 1.03, 0.16
72716, 0, 0.90, 0.50, -2.45, -0.04, 101.82, 1.32, 52.80, 0.01, 0.89, 0.89, 0.26, 1.15, 1.15, 0.63, 0.73, 0.73, 0.19, 1.03, 1.03, 0.30
72744, 0, 0.90, 0.50, -2.60, -0.12, 101.62, 1.32, 52.80, 0.01, 0.89, 0.89, 0.42, 1.15, 1.15, 0.49, 0.73, 0.75, 0.05, 1.03, 1.04, 0.11
72750, 0, 0.90, 0.50, -2.47, -0.18, 101.43, 1.32, 52.80, 0.01, 0.89, 0.92, 0.32, 1.15, 1.13, 0.63, 0.73, 0.76, 0.02, 1.03, 1.03, 0.23
72756, 0, 0.90, 0.50, -2.36, -0.22, 101.25, 1.32, 52.80, 0.01, 0.89, 0.92, 0.14, 1.15, 1.14, 0.79, 0.73, 0.75, 0.04, 1.03, 1.04, 0.25
72766, 0, 0.90, 0.50, -2.66, -0.00, 100.98, 1.32, 52.80, 0.01, 0.89, 0.89, 0.35, 1.15, 1.14, 0.79, 0.73, 0.73, 0.12, 1.03, 1.03, 0.18
72776, 0, 0.90, 0.50, -0.74, -0.51, 100.68, 1.32, 52.80, 0.01, 0.89, 0.90, 0.28, 1.15, 1.18, 0.63, 0.73, 0.75, 0.04, 1.03, 1.04, 0.21
72786, 0, 0.90, 0.50, -2.06, -0.43, 100.90, 1.32, 52.80, 0.01, 0.89, 0.90, 0.21, 1.15, 1.14, 0.63, 0.73, 0.73, 0.11, 1.03, 1.04, 0.11
72796, 0, 0.90, 0.50, -2.70, -0.83, 100.84, 1.32, 52.80, 0.01, 0.89, 0.89, 0.39, 1.15, 1.15, 0.79, 0.73, 0.73, 0.07, 1.03, 1.03, 0.28
72806, 0, 0.90, 0.50, -2.12, -0.54, 100.80, 1.32, 52.80, 0.01, 0.89, 0.92, 0.19, 1.15, 1.14, 0.74, 0.73, 0.75, 0.05, 1.03, 1.04, 0.12
72816, 0, 0.90, 0.50, -2.18, -0.08, 100.74, 1.32, 52.80, 0.01, 0.89, 0.90, 0.25, 1.15, 1.17, 0.65, 0.73, 0.75, 0.05, 1.03, 1.03, 0.30
72826, 0, 0.90, 0.50, -2.23, -0.38, 100.48, 1.32, 52.80, 0.01, 0.89, 0.92, 0.19, 1.15, 1.18, 0.74, 0.73, 0.75, 0.05, 1.03, 1.04, 0.16
72836, 0, 0.90, 0.50, -2.11, -0.45, 100.35, 1.32, 52.80, 0.01, 0.89, 0.89, 0.25, 1.15, 1.15, 0.60, 0.73, 0.75, 0.04, 1.03, 1.04, 0.18
72846, 0, 0.90, 0.50, -2.04, -0.31, 100.23, 1.32, 52.80, 0.01, 0.89, 0.90, 0.30, 1.15, 1.14, 0.84, 0.73, 0.75, 0.04, 1.03, 1.04, 0.11
72856, 0, 0.90, 0.50, -2.24, -0.43, 100.13, 1.32, 52.80, 0.01, 0.89, 0.89, 0.23, 1.15, 1.14, 0.70, 0.73, 0.73, 0.09, 1.03, 1.03, 0.26
72866, 0, 0.90, 0.50, -2.32, -0.04, 100.04, 1.32, 52.80, 0.01, 0.89, 0.89, 0.39, 1.15, 1.17, 0.89, 0.73, 0.75, 0.05, 1.03, 1.04, 0.16
72876, 0, 0.90, 0.50, -2.31, -0.45, 99.88, 1.32, 52.80, 0.01, 0.89, 0.90, 0.21, 1.15, 1.17, 0.63, 0.73, 0.73, 0.05, 1.03, 1.03, 0.26
72886, 0, 0.90, 0.50, -2.34, -0.00, 99.67, 1.32, 52.80, 0.01, 0.89, 0.87, 0.39, 1.15, 1.17, 0.81, 0.73, 0.73, 0.09, 1.03, 1.04, 0.16
72896, 0, 0.90, 0.50, -2.35, -0.42, 99.41, 1.32, 52.80, 0.01, 0.89, 0.92, 0.16, 1.15, 1.15, 0.72, 0.73, 0.75, 0.04, 1.03, 1.03, 0.25
72906, 0, 0.90, 0.50, -2.47, -0.05, 99.19, 1.32, 52.80, 0.01, 0.89, 0.87, 0.32, 1.15, 1.17, 0.74, 0.73, 0.75, 0.05, 1.03, 1.04, 0.12
72916, 0, 0.90, 0.50, -2.18, -0.36, 98.90, 1.32, 52.80, 0.01, 0.89, 0.90, 0.30, 1.15, 1.17, 0.68, 0.73, 0.75, 0.07, 1.03, 1.03, 0.25
72926, 0, 0.90, 0.50, -2.45, -0.25, 98.81, 1.32, 52.80, 0.01, 0.89, 0.89, 0.28, 1.15, 1.20, 0.51, 0.73, 0.76, 0.07, 1.03, 1.04, 0.21
72936, 0, 0.90, 0.50, -2.20, -0.31, 98.63, 1.32, 52.80, 0.01, 0.89, 0.89, 0.37, 1.15, 1.15, 0.72, 0.73, 0.73, 0.07, 1.03, 1.03, 0.23
72946, 0, 0.90, 0.50, -2.14, -0.22, 98.50, 1.32, 52.80, 0.01, 0.89, 0.90, 0.21, 1.15, 1.15, 0.67, 0.73, 0.73, 0.11, 1.03, 1.04, 0.19
72969, 0, 0.90, 0.50, -1.85, -0.22, 98.57, 1.32, 52.80, 0.01, 0.89, 0.89, 0.26, 1.15, 1.14, 0.77, 0.73, 0.73, 0.12, 1.03, 1.04, 0.16
72976, 0, 0.90, 0.50, -1.61, -0.21, 98.62, 1.32, 52.80, 0.01, 0.89, 0.87, 0.35, 1.15, 1.17, 0.72, 0.73, 0.75, 0.05, 1.03, 1.03, 0.23
72986, 0, 0.90, 0.50, -1.60, -0.27, 98.91, 1.32, 52.80, 0.01, 0.89, 0.87, 0.47, 1.15, 1.15, 0.74, 0.73, 0.73, 0.09, 1.03, 1.06, 0.14
72996, 0, 0.90, 0.50, -1.56, -0.07, 99.18, 1.32, 52.80, 0.01, 0.89, 0.89, 0.35, 1.15, 1.17, 0.75, 0.73, 0.70, 0.25, 1.03, 1.03, 0.14
73008, 0, 0.90, 0.50, -1.67, -0.16, 99.69, 1.32, 52.80, 0.01, 0.89, 0.89, 0.46, 1.15, 1.15, 0.75, 0.73, 0.73, 0.19, 1.03, 1.04, 0.12
73016, 0, 0.90, 0.50, -1.75, -0.23, 100.22, 1.32, 52.80, 0.01, 0.89, 0.92, 0.28, 1.15, 1.21, 0.60, 0.73, 0.73, 0.14, 1.03, 1.03, 0.18
73026, 0, 0.90, 0.50, -1.88, 0.26, 100.64, 1.32, 52.80, 0.01, 0.89, 0.90, 0.28, 1.15, 1.15, 0.61, 0.73, 0.72, 0.33, 1.03, 1.04, 0.23
73036, 0, 0.90, 0.50, -1.74, -0.49, 101.02, 1.32, 52.80, 0.01, 0.89, 0.90, 0.32, 1.15, 1.17, 0.58, 0.73, 0.75, 0.18, 1.03, 1.04, 0.14
73046, 0, 0.90, 0.50, -2.34, 0.23, 101.41, 1.32, 52.80, 0.01, 0.89, 0.87, 0.40, 1.15, 1.17, 0.74, 0.73, 0.75, 0.12, 1.03, 1.06, 0.11
73056, 0, 0.90, 0.50, -1.73, -0.05, 101.57, 1.32, 52.80, 0.01, 0.89, 0.90, 0.40, 1.15, 1.17, 0.46, 0.73, 0.73, 0.28, 1.03, 1.03, 0.18
73066, 0, 0.90, 0.50, -2.10, -0.20, 101.63, 1.32, 52.80, 0.01, 0.89, 0.90, 0.26, 1.15, 1.17, 0.70, 0.73, 0.75, 0.16, 1.03, 1.04, 0.25
73076, 0, 0.90, 0.50, -2.49, -0.38, 101.57, 1.32, 52.80, 0.01, 0.89, 0.90, 0.33, 1.15, 1.14, 0.63, 0.73, 0.75, 0.12, 1.03, 1.03, 0.16
73086, 0, 0.90, 0.50, -2.30, -0.11, 101.54, 1.32, 52.80, 0.01, 0.89, 0.92, 0.21, 1.15, 1.20, 0.63, 0.73, 0.73, 0.28, 1.03, 1.04, 0.12
73096, 0, 0.90, 0.50, -1.92, -0.11, 101.52, 1.32, 52.80, 0.01, 0.89, 0.89, 0.28, 1.15, 1.15, 0.51, 0.73, 0.75, 0.14, 1.03, 1.03, 0.11
73106, 0, 0.90, 0.50, -2.67, -0.26, 101.50, 1.32, 52.80, 0.01, 0.89, 0.89, 0.46, 1.15, 1.18, 0.60, 0.73, 0.75, 0.12, 1.03, 1.04, 0.12
73116, 0, 0.90, 0.50, -2.38, -0.16, 101.35, 1.32, 52.80, 0.01, 0.89, 0.90, 0.30, 1.15, 1.15, 0.68, 0.73, 0.75, 0.19, 1.03, 1.03, 0.16
73126, 0, 0.90, 0.50, -1.61, -0.22, 101.27, 1.32, 52.80, 0.01, 0.89, 0.90, 0.32, 1.15, 1.18, 0.49, 0.73, 0.76, 0.04, 1.03, 1.04, 0.14
73136, 0, 0.90, 0.50, -1.99, -0.27, 101.34, 1.32, 52.80, 0.01, 0.89, 0.90, 0.32, 1.15, 1.17, 0.60, 0.73, 0.73, 0.09, 1.03, 1.04, 0.11
73146, 0, 0.90, 0.50, -2.32, -0.28, 101.40, 1.32, 52.80, 0.01, 0.89, 0.90, 0.28, 1.15, 1.15, 0.40, 0.73, 0.73, 0.21, 1.03, 1.06, 0.09
73156, 0, 0.90, 0.50, -2.56, -0.40, 101.34, 1.32, 52.80, 0.01, 0.89, 0.89, 0.32, 1.15, 1.17, 0.63, 0.73, 0.75, 0.07, 1.03, 1.03, 0.16
73166, 0, 0.90, 0.50, -2.58, -0.41, 101.18, 1.32, 52.80, 0.01, 0.89, 0.89, 0.39, 1.15, 1.15, 0.44, 0.73, 0.73, 0.12, 1.03, 1.04, 0.16
73176, 0, 0.90, 0.50, -2.52, -0.38, 100.97, 1.32, 52.80, 0.01, 0.89, 0.90, 0.33, 1.15, 1.17, 0.65, 0.73, 0.73, 0.18, 1.03, 1.01, 0.14
73186, 0, 0.90, 0.50, -2.42, -0.35, 100.79, 1.32, 52.80, 0.01, 0.89, 0.90, 0.28, 1.15, 1.15, 0.40, 0.73, 0.75, 0.11, 1.03, 1.04, 0.19
73196, 0, 0.90, 0.50, -2.48, -0.35, 100.63, 1.32, 52.80, 0.01, 0.89, 0.90, 0.39, 1.15, 1.18, 0.51, 0.73, 0.73, 0.21, 1.03, 1.03, 0.09
73206, 0, 0.90, 0.50, -2.18, -0.29, 100.43, 1.32, 52.80, 0.01, 0.89, 0.90, 0.21, 1.15, 1.15, 0.47, 0.73, 0.73, 0.21, 1.03, 1.03, 0.25
73216, 0, 0.90, 0.50, -2.10, -0.35, 100.45, 1.32, 52.80, 0.01, 0.89, 0.87, 0.44, 1.15, 1.18, 0.49, 0.73, 0.75, 0.11, 1.03, 1.04, 0.11
73226, 0, 0.90, 0.50, -2.16, -0.34, 100.47, 1.32, 52.80, 0.01, 0.89, 0.89, 0.42, 1.15, 1.17, 0.46, 0.73, 0.72, 0.23, 1.03, 1.03, 0.26
73236, 0, 0.90, 0.50, -2.05, -0.24, 100.46, 1.32, 52.80, 0.01, 0.89, 0.89, 0.42, 1.15, 1.15, 0.42, 0.73, 0.75, 0.18, 1.03, 1.04, 0.16
73246, 0, 0.90, 0.50, -2.08, -0.32, 100.46, 1.32, 52.80, 0.01, 0.89, 0.90, 0.37, 1.15, 1.15, 0.60, 0.73, 0.75, 0.07, 1.03, 1.03, 0.21
73256, 0, 0.90, 0.50, -2.01, -0.28, 100.45, 1.32, 52.80, 0.01, 0.89, 0.89, 0.37, 1.15, 1.14, 0.51, 0.73, 0.73, 0.21, 1.03, 1.03, 0.16
73266, 0, 0.90, 0.50, -2.05, -0.18, 100.47, 1.32, 52.80, 0.01, 0.89, 0.89, 0.46, 1.15, 1.17, 0.70, 0.73, 0.75, 0.14, 1.03, 1.03, 0.26
73290, 0, 0.90, 0.50, -1.85, -0.13, 100.41, 1.32, 52.80, 0.01, 0.89, 0.89, 0.53, 1.15, 1.18, 0.47, 0.73, 0.75, 0.18, 1.03, 1.04, 0.23
73296, 0, 0.90, 0.50, -1.64, -0.09, 100.35, 1.32, 52.80, 0.01, 0.89, 0.92, 0.40, 1.15, 1.14, 0.53, 0.73, 0.75, 0.11, 1.03, 1.04, 0.16
73306, 0, 0.90, 0.50, -2.00, -0.00, 100.37, 1.32, 52.80, 0.01, 0.89, 0.90, 0.30, 1.15, 1.15, 0.70, 0.73, 0.73, 0.16, 1.03, 1.03, 0.28
73316, 0, 0.90, 0.50, -2.00, -0.01, 100.29, 1.32, 52.80, 0.01, 0.89, 0.90, 0.39, 1.15, 1.14, 0.74, 0.73, 0.75, 0.16, 1.03, 1.04, 0.14
73327, 0, 0.90, 0.50, -1.90, -0.03, 100.23, 1.32, 52.80, 0.01, 0.89, 0.89, 0.30, 1.15, 1.17, 0.54, 0.73, 0.75, 0.05, 1.03, 1.03, 0.26
73336, 0, 0.90, 0.50, -2.02, -0.06, 100.22, 1.32, 52.80, 0.01, 0.89, 0.89, 0.44, 1.15, 1.14, 0.67, 0.73, 0.73, 0.16, 1.03, 1.04, 0.18
73346, 0, 0.90, 0.50, -1.99, -0.02, 100.22, 1.32, 52.80, 0.01, 0.89, 0.90, 0.35, 1.15, 1.18, 0.54, 0.73, 0.75, 0.12, 1.03, 1.03, 0.23
73356, 0, 0.90, 0.50, -1.96, 0.02, 100.23, 1.32, 52.80, 0.01, 0.89, 0.90, 0.28, 1.15, 1.15, 0.79, 0.73, 0.75, 0.07, 1.03, 1.04, 0.18
73366, 0, 0.90, 0.50, -2.18, -0.16, 100.24, 1.32, 52.80, 0.01, 0.89, 0.92, 0.26, 1.15, 1.15, 0.58, 0.73, 0.73, 0.16, 1.03, 1.03, 0.23
73376, 0, 0.90, 0.50, -2.00, 0.17, 100.21, 1.32, 52.80, 0.01, 0.89, 0.90, 0.21, 1.15, 1.20, 0.65, 0.73, 0.73, 0.14, 1.03, 1.04, 0.16
73386, 0, 0.90, 0.50, -1.98, -0.04, 100.22, 1.32, 52.80, 0.01, 0.89, 0.89, 0.33, 1.15, 1.15, 0.58, 0.73, 0.75, 0.05, 1.03, 1.03, 0.26
73396, 0, 0.90, 0.50, -2.07, -0.13, 100.22, 1.32, 52.80, 0.01, 0.89, 0.89, 0.32, 1.15, 1.18, 0.68, 0.73, 0.73, 0.12, 1.03, 1.06, 0.11
73406, 0, 0.90, 0.50, -2.17, -0.00, 100.24, 1.32, 52.80, 0.01, 0.89, 0.89, 0.39, 1.15, 1.14, 0.58, 0.73, 0.75, 0.05, 1.03, 1.03, 0.19
73416, 0, 0.90, 0.50, -2.12, -0.01, 100.23, 1.32, 52.80, 0.01, 0.89, 0.90, 0.28, 1.15, 1.18, 0.60, 0.73, 0.75, 0.02, 1.03, 1.04, 0.09
73426, 0, 0.90, 0.50, -2.09, -0.11, 100.24, 1.32, 52.80, 0.01, 0.89, 0.89, 0.28, 1.15, 1.14, 0.63, 0.73, 0.73, 0.11, 1.03, 1.03, 0.25
73436, 0, 0.90, 0.50, -2.05, -0.02, 100.23, 1.32, 52.80, 0.01, 0.89, 0.90, 0.37, 1.15, 1.17, 0.60, 0.73, 0.75, 0.04, 1.03, 1.04, 0.18
73446, 0, 0.90, 0.50, -2.15, -0.09, 100.21, 1.32, 52.80, 0.01, 0.89, 0.89, 0.26, 1.15, 1.14, 0.77, 0.73, 0.75, 0.02, 1.03, 1.03, 0.19
73456, 0, 0.90, 0.50, -2.10, -0.05, 100.19, 1.32, 52.80, 0.01, 0.89, 0.87, 0.46, 1.15, 1.17, 0.54, 0.73, 0.73, 0.07, 1.03, 1.04, 0.09
73466, 0, 0.90, 0.50, -2.11, -0.16, 100.21, 1.32, 52.80, 0.01, 0.89, 0.90, 0.30, 1.15, 1.15, 0.70, 0.73, 0.75, 0.04, 1.03, 1.03, 0.21
73476, 0, 0.90, 0.50, -2.15, 0.04, 100.20, 1.32, 52.80, 0.01, 0.89, 0.87, 0.44, 1.15, 1.15, 0.67, 0.73, 0.75, 0.05, 1.03, 1.04, 0.19
73486, 0, 0.90, 0.50, -2.06, -0.25, 100.18, 1.32, 52.80, 0.01, 0.89, 0.92, 0.32, 1.15, 1.17, 0.72, 0.73, 0.73, 0.04, 1.03, 1.01, 0.23
73496, 0, 0.90, 0.50, -1.99, 0.00, 100.20, 1.32, 52.80, 0.01, 0.89, 0.89, 0.32, 1.15, 1.14, 0.68, 0.73, 0.76, 0.05, 1.03, 1.04, 0.19
73506, 0, 0.90, 0.50, -2.09, -0.09, 100.22, 1.32, 52.80, 0.01, 0.89, 0.90, 0.40, 1.15, 1.18, 0.67, 0.73, 0.73, 0.07, 1.03, 1.03, 0.19
73516, 0, 0.90, 0.50, -2.22, -0.22, 100.22, 1.32, 52.80, 0.01, 0.89, 0.89, 0.33, 1.15, 1.14, 0.68, 0.73, 0.73, 0.09, 1.03, 1.04, 0.16
73526, 0, 0.90, 0.50, -2.16, -0.23, 100.18, 1.32, 52.80, 0.01, 0.89, 0.89, 0.42, 1.15, 1.17, 0.70, 0.73, 0.76, 0.11, 1.03, 1.03, 0.18
73536, 0, 0.90, 0.50, -2.01, -0.20, 100.16, 1.32, 52.80, 0.01, 0.89, 0.92, 0.25, 1.15, 1.14, 0.81, 0.73, 0.73, 0.09, 1.03, 1.04, 0.23
73546, 0, 0.90, 0.50, -2.01, -0.14, 100.19, 1.32, 52.80, 0.01, 0.89, 0.89, 0.32, 1.15, 1.17, 0.68, 0.73, 0.75, 0.07, 1.03, 1.03, 0.16
73556, 0, 0.90, 0.50, -1.99, -0.19, 100.26, 1.32, 52.80, 0.01, 0.89, 0.90, 0.35, 1.15, 1.15, 0.81, 0.73, 0.75, 0.05, 1.03, 1.06, 0.11
73566, 0, 0.90, 0.50, -2.14, -0.19, 100.33, 1.32, 52.80, 0.01, 0.89, 0.89, 0.25, 1.15, 1.17, 0.68, 0.73, 0.73, 0.07, 1.03, 1.03, 0.14
73576, 0, 0.90, 0.50, -2.17, -0.17, 100.36, 1.32, 52.80, 0.01, 0.89, 0.89, 0.39, 1.15, 1.14, 0.82, 0.73, 0.75, 0.05, 1.03, 1.04, 0.14
73599, 0, 0.90, 0.50, -2.23, -0.24, 100.36, 1.32, 52.80, 0.01, 0.89, 0.92, 0.26, 1.15, 1.20, 0.63, 0.73, 0.73, 0.07, 1.03, 1.06, 0.07
73606, 0, 0.90, 0.50, -2.28, -0.32, 100.36, 1.32, 52.80, 0.01, 0.89, 0.92, 0.16, 1.15, 1.15, 0.61, 0.73, 0.73, 0.04, 1.03, 1.04, 0.12
73616, 0, 0.90, 0.50, -2.15, -0.34, 100.32, 1.32, 52.80, 0.01, 0.89, 0.89, 0.19, 1.15, 1.18, 0.68, 0.73, 0.72, 0.09, 1.03, 1.04, 0.14
73626, 0, 0.90, 0.50, -2.14, -0.31, 100.34, 1.32, 52.80, 0.01, 0.89, 0.90, 0.28, 1.15, 1.15, 0.67, 0.73, 0.72, 0.19, 1.03, 1.03, 0.11
73638, 0, 0.90, 0.50, -1.89, -0.48, 100.30, 1.32, 52.80, 0.01, 0.89, 0.87, 0.23, 1.15, 1.17, 0.61, 0.73, 0.73, 0.07, 1.03, 1.03, 0.21
73646, 0, 0.90, 0.50, -1.60, -0.69, 100.25, 1.32, 52.80, 0.01, 0.89, 0.86, 0.44, 1.15, 1.17, 0.63, 0.73, 0.73, 0.09, 1.03, 1.04, 0.09
73656, 0, 0.90, 0.50, -2.04, -0.60, 100.22, 1.32, 52.80, 0.01, 0.89, 0.90, 0.25, 1.15, 1.21, 0.51, 0.73, 0.72, 0.28, 1.03, 1.03, 0.14
73666, 0, 0.90, 0.50, -1.99, -0.69, 100.10, 1.32, 52.80, 0.01, 0.89, 0.90, 0.26, 1.15, 1.15, 0.54, 0.73, 0.75, 0.12, 1.03, 1.01, 0.19
73676, 0, 0.90, 0.50, -2.19, -0.57, 100.01, 1.32, 52.80, 0.01, 0.89, 0.90, 0.25, 1.15, 1.14, 0.54, 0.73, 0.75, 0.05, 1.03, 1.01, 0.28
73686, 0, 0.90, 0.50, -1.97, -0.38, 99.92, 1.32, 52.80, 0.01, 0.89, 0.89, 0.32, 1.15, 1.18, 0.72, 0.73, 0.73, 0.14, 1.03, 1.03, 0.14
73696, 0, 0.90, 0.50, -1.64, -0.46, 99.88, 1.32, 52.80, 0.01, 0.89, 0.89, 0.39, 1.15, 1.15, 0.46, 0.73, 0.76, 0.04, 1.03, 1.03, 0.32
73706, 0, 0.90, 0.50, -1.89, -0.34, 99.91, 1.32, 52.80, 0.01, 0.89, 0.89, 0.30, 1.15, 1.15, 0.63, 0.73, 0.75, 0.11, 1.03, 1.04, 0.16
73716, 0, 0.90, 0.50, -2.36, -0.26, 99.88, 1.32, 52.80, 0.01, 0.89, 0.89, 0.39, 1.15, 1.14, 0.70, 0.73, 0.73, 0.11, 1.03, 1.03, 0.28
73726, 0, 0.90, 0.50, -2.04, -0.37, 99.79, 1.32, 52.80, 0.01, 0.89, 0.90, 0.30, 1.15, 1.17, 0.68, 0.73, 0.76, 0.05, 1.03, 1.04, 0.16
73736, 0, 0.90, 0.50, -1.76, -0.19, 99.78, 1.32, 52.80, 0.01, 0.89, 0.89, 0.35, 1.15, 1.15, 0.67, 0.73, 0.73, 0.09, 1.03, 1.03, 0.26
73746, 0, 0.90, 0.50, -1.79, -0.26, 99.83, 1.32, 52.80, 0.01, 0.89, 0.90, 0.39, 1.15, 1.17, 0.56, 0.73, 0.75, 0.14, 1.03, 1.04, 0.16
73756, 0, 0.90, 0.50, -1.72, -0.11, 99.89, 1.32, 52.80, 0.01, 0.89, 0.89, 0.37, 1.15, 1.14, 0.77, 0.73, 0.76, 0.05, 1.03, 1.03, 0.26
73766, 0, 0.90, 0.50, -2.02, -0.17, 99.92, 1.32, 52.80, 0.01, 0.89, 0.89, 0.46, 1.15, 1.15, 0.67, 0.73, 0.73, 0.09, 1.03, 1.06, 0.09
73776, 0, 0.90, 0.50, -1.59, -0.16, 99.93, 1.32, 52.80, 0.01, 0.89, 0.90, 0.32, 1.15, 1.15, 0.75, 0.73, 0.75, 0.04, 1.03, 1.03, 0.23
73786, 0, 0.90, 0.50, -1.98, -0.08, 99.96, 1.32, 52.80, 0.01, 0.89, 0.89, 0.40, 1.15, 1.15, 0.60, 0.73, 0.75, 0.04, 1.03, 1.04, 0.11
73796, 0, 0.90, 0.50, -2.41, -0.14, 99.97, 1.32, 52.80, 0.01, 0.89, 0.92, 0.25, 1.15, 1.18, 0.72, 0.73, 0.73, 0.07, 1.03, 1.03, 0.23
73806, 0, 0.90, 0.50, -2.01, -0.18, 99.97, 1.32, 52.80, 0.01, 0.89, 0.89, 0.35, 1.15, 1.15, 0.58, 0.73, 0.75, 0.04, 1.03, 1.06, 0.09
73816, 0, 0.90, 0.50, -2.12, -0.14, 99.98, 1.32, 52.80, 0.01, 0.89, 0.92, 0.25, 1.15, 1.18, 0.70, 0.73, 0.75, 0.04, 1.03, 1.04, 0.18
73826, 0, 0.90, 0.50, -2.22, -0.27, 99.96, 1.32, 52.80, 0.01, 0.89, 0.89, 0.25, 1.15, 1.14, 0.63, 0.73, 0.73, 0.07, 1.03, 1.04, 0.07
73836, 0, 0.90, 0.50, -1.99, -0.31, 99.94, 1.32, 52.80, 0.01, 0.89, 0.90, 0.32, 1.15, 1.18, 0.54, 0.73, 0.75, 0.02, 1.03, 1.03, 0.23
73846, 0, 0.90, 0.50, -1.86, -0.35, 99.96, 1.32, 52.80, 0.01, 0.89, 0.92, 0.11, 1.15, 1.15, 0.65, 0.73, 0.73, 0.05, 1.03, 1.04, 0.09
73856, 0, 0.90, 0.50, -1.94, -0.37, 100.00, 1.32, 52.80, 0.01, 0.89, 0.89, 0.30, 1.15, 1.18, 0.53, 0.73, 0.72, 0.18, 1.03, 1.03, 0.19
73866, 0, 0.90, 0.50, -2.08, -0.35, 100.03, 1.32, 52.80, 0.01, 0.89, 0.89, 0.21, 1.15, 1.17, 0.68, 0.73, 0.73, 0.12, 1.03, 1.04, 0.09
73876, 0, 0.90, 0.50, -2.19, -0.38, 100.03, 1.32, 52.80, 0.01, 0.89, 0.87, 0.39, 1.15, 1.17, 0.51, 0.73, 0.73, 0.12, 1.03, 1.01, 0.26
73886, 0, 0.90, 0.50, -2.14, -0.34, 100.01, 1.32, 52.80, 0.01, 0.89, 0.90, 0.32, 1.15, 1.18, 0.63, 0.73, 0.73, 0.21, 1.03, 1.04, 0.18
73896, 0, 0.90, 0.50, -2.14, -0.34, 100.01, 1.32, 52.80, 0.01, 0.89, 0.89, 0.28, 1.15, 1.15, 0.54, 0.73, 0.75, 0.11, 1.03, 1.01, 0.26
73920, 0, 0.90, 0.50, -2.23, -0.52, 100.03, 1.32, 52.80, 0.01, 0.89, 0.90, 0.25, 1.15, 1.17, 0.51, 0.73, 0.73, 0.23, 1.03, 1.03, 0.28
73926, 0, 0.90, 0.50, -2.32, -0.75, 100.04, 1.32, 52.80, 0.01, 0.89, 0.87, 0.35, 1.15, 1.18, 0.42, 0.73, 0.75, 0.14, 1.03, 1.04, 0.23
73936, 0, 0.90, 0.50, -2.24, -0.49, 100.11, 1.32, 52.80, 0.01, 0.89, 0.89, 0.42, 1.15, 1.14, 0.49, 0.73, 0.73, 0.16, 1.03, 1.03, 0.21
73946, 0, 0.90, 0.50, -2.17, -0.21, 100.17, 1.32, 52.80, 0.01, 0.89, 0.89, 0.37, 1.15, 1.17, 0.49, 0.73, 0.73, 0.28, 1.03, 1.04, 0.26
73962, 0, 0.90, 0.50, -2.22, -0.23, 100.19, 1.32, 52.80, 0.01, 0.89, 0.90, 0.30, 1.15, 1.17, 0.54, 0.73, 0.75, 0.12, 1.03, 1.03, 0.26
73968, 0, 0.90, 0.50, -2.26, -0.20, 100.18, 1.32, 52.80, 0.01, 0.89, 0.89, 0.35, 1.15, 1.14, 0.44, 0.73, 0.73, 0.23, 1.03, 1.04, 0.21
73976, 0, 0.90, 0.50, -2.30, -0.18, 100.16, 1.32, 52.80, 0.01, 0.89, 0.89, 0.44, 1.15, 1.15, 0.68, 0.73, 0.73, 0.23, 1.03, 1.03, 0.18
73986, 0, 0.90, 0.50, -2.15, -0.16, 100.11, 1.32, 52.80, 0.01, 0.89, 0.90, 0.30, 1.15, 1.15, 0.49, 0.73, 0.75, 0.11, 1.03, 1.04, 0.26
73996, 0, 0.90, 0.50, -2.34, -0.16, 100.05, 1.32, 52.80, 0.01, 0.89, 0.87, 0.39, 1.15, 1.14, 0.75, 0.73, 0.73, 0.23, 1.03, 1.03, 0.16
74006, 0, 0.90, 0.50, -2.17, -0.11, 99.96, 1.32, 52.80, 0.01, 0.89, 0.90, 0.42, 1.15, 1.15, 0.54, 0.73, 0.75, 0.18, 1.03, 1.04, 0.25
74016, 0, 0.90, 0.50, -2.12, -0.17, 99.91, 1.32, 52.80, 0.01, 0.89, 0.90, 0.25, 1.15, 1.18, 0.60, 0.73, 0.75, 0.07, 1.03, 1.03, 0.16
74026, 0, 0.90, 0.50, -2.30, -0.17, 99.87, 1.32, 52.80, 0.01, 0.89, 0.90, 0.35, 1.15, 1.13, 0.61, 0.73, 0.73, 0.19, 1.03, 1.04, 0.23
74036, 0, 0.90, 0.50, -2.01, -0.21, 99.81, 1.32, 52.80, 0.01, 0.89, 0.90, 0.25, 1.15, 1.17, 0.61, 0.73, 0.75, 0.05, 1.03, 1.03, 0.16
74046, 0, 0.90, 0.50, -1.95, -0.19, 99.78, 1.32, 52.80, 0.01, 0.89, 0.87, 0.39, 1.15, 1.15, 0.63, 0.73, 0.75, 0.05, 1.03, 1.03, 0.26
74056, 0, 0.90, 0.50, -1.94, -0.25, 99.77, 1.32, 52.80, 0.01, 0.89, 0.90, 0.28, 1.15, 1.18, 0.49, 0.73, 0.75, 0.12, 1.03, 1.04, 0.14
74066, 0, 0.90, 0.50, -1.98, -0.27, 99.77, 1.32, 52.80, 0.01, 0.89, 0.89, 0.33, 1.15, 1.15, 0.58, 0.73, 0.76, 0.02, 1.03, 1.04, 0.18
74076, 0, 0.90, 0.50, -2.01, -0.33, 99.76, 1.32, 52.80, 0.01, 0.89, 0.90, 0.28, 1.15, 1.15, 0.58, 0.73, 0.73, 0.05, 1.03, 1.03, 0.12
74086, 0, 0.90, 0.50, -2.07, -0.49, 99.78, 1.32, 52.80, 0.01, 0.89, 0.89, 0.30, 1.15, 1.20, 0.51, 0.73, 0.73, 0.11, 1.03, 1.03, 0.25
74096, 0, 0.90, 0.50, -1.95, -0.11, 99.79, 1.32, 52.80, 0.01, 0.89, 0.89, 0.40, 1.15, 1.15, 0.47, 0.73, 0.75, 0.05, 1.03, 1.04, 0.18
74106, 0, 0.90, 0.50, -1.94, -0.35, 99.80, 1.32, 52.80, 0.01, 0.89, 0.90, 0.25, 1.15, 1.20, 0.42, 0.73, 0.73, 0.11, 1.03, 1.03, 0.25
74116, 0, 0.90, 0.50, -1.90, -0.28, 99.87, 1.32, 52.80, 0.01, 0.89, 0.86, 0.49, 1.15, 1.14, 0.56, 0.73, 0.73, 0.11, 1.03, 1.04, 0.18
74126, 0, 0.90, 0.50, -2.01, -0.40, 99.95, 1.32, 52.80, 0.01, 0.89, 0.90, 0.35, 1.15, 1.18, 0.54, 0.73, 0.75, 0.05, 1.03, 1.03, 0.26
74136, 0, 0.90, 0.50, -2.10, -0.08, 100.00, 1.32, 52.80, 0.01, 0.89, 0.89, 0.35, 1.15, 1.13, 0.54, 0.73, 0.72, 0.18, 1.03, 1.04, 0.16
74146, 0, 0.90, 0.50, -2.00, 0.06, 100.01, 1.32, 52.80, 0.01, 0.89, 0.90, 0.44, 1.15, 1.17, 0.53, 0.73, 0.73, 0.25, 1.03, 1.03, 0.26
74156, 0, 0.90, 0.50, -2.16, -0.01, 100.04, 1.32, 52.80, 0.01, 0.89, 0.89, 0.37, 1.15, 1.13, 0.68, 0.73, 0.75, 0.04, 1.03, 1.04, 0.16
74166, 0, 0.90, 0.50, -2.35, 0.02, 100.03, 1.32, 52.80, 0.01, 0.89, 0.89, 0.51, 1.15, 1.15, 0.63, 0.73, 0.75, 0.11, 1.03, 1.03, 0.26
74176, 0, 0.90, 0.50, -2.32, -0.03, 99.99, 1.32, 52.80, 0.01, 0.89, 0.92, 0.32, 1.15, 1.14, 0.70, 0.73, 0.75, 0.11, 1.03, 1.04, 0.18
74186, 0, 0.90, 0.50, -2.13, 0.09, 99.90, 1.32, 52.80, 0.01, 0.89, 0.89, 0.40, 1.15, 1.17, 0.63, 0.73, 0.75, 0.05, 1.03, 1.03, 0.25
74196, 0, 0.90, 0.50, -2.21, -0.10, 99.81, 1.32, 52.80, 0.01, 0.89, 0.92, 0.32, 1.15, 1.17, 0.70, 0.73, 0.73, 0.09, 1.03, 1.04, 0.14
74206, 0, 0.90, 0.50, -2.27, -0.07, 99.75, 1.32, 52.80, 0.01, 0.89, 0.89, 0.26, 1.15, 1.15, 0.49, 0.73, 0.75, 0.07, 1.03, 1.04, 0.21
74240, 0, 0.90, 0.50, -2.25, -0.17, 99.58, 1.32, 52.80, 0.01, 0.89, 0.90, 0.37, 1.15, 1.18, 0.51, 0.73, 0.75, 0.02, 1.03, 1.03, 0.14
74246, 0, 0.90, 0.50, -2.23, -0.24, 99.40, 1.32, 52.80, 0.01, 0.89, 0.90, 0.25, 1.15, 1.15, 0.53, 0.73, 0.75, 0.04, 1.03, 1.01, 0.25
74256, 0, 0.90, 0.50, -2.04, -0.36, 99.20, 1.32, 52.80, 0.01, 0.89, 0.89, 0.40, 1.15, 1.17, 0.61, 0.73, 0.73, 0.11, 1.03, 1.04, 0.11
74266, 0, 0.90, 0.50, -1.96, -0.57, 99.13, 1.32, 52.80, 0.01, 0.89, 0.90, 0.32, 1.15, 1.18, 0.56, 0.73, 0.75, 0.05, 1.03, 1.04, 0.14
74278, 0, 0.90, 0.50, -2.10, -0.63, 99.15, 1.32, 52.80, 0.01, 0.89, 0.87, 0.44, 1.15, 1.15, 0.46, 0.73, 0.72, 0.11, 1.03, 1.03, 0.14
74286, 0, 0.90, 0.50, -2.23, -0.67, 99.16, 1.32, 52.80, 0.01, 0.89, 0.90, 0.44, 1.15, 1.17, 0.60, 0.73, 0.72, 0.26, 1.03, 1.01, 0.25
74296, 0, 0.90, 0.50, -2.12, -0.58, 99.20, 1.32, 52.80, 0.01, 0.89, 0.89, 0.37, 1.15, 1.15, 0.42, 0.73, 0.75, 0.11, 1.03, 1.04, 0.14
74306, 0, 0.90, 0.50, -2.00, -0.64, 99.32, 1.32, 52.80, 0.01, 0.89, 0.89, 0.49, 1.15, 1.17, 0.70, 0.73, 0.75, 0.05, 1.03, 1.01, 0.25
74316, 0, 0.90, 0.50, -2.04, -0.43, 99.49, 1.32, 52.80, 0.01, 0.89, 0.93, 0.23, 1.15, 1.17, 0.39, 0.73, 0.73, 0.18, 1.03, 1.04, 0.19
74326, 0, 0.90, 0.50, -2.17, -0.30, 99.64, 1.32, 52.80, 0.01, 0.89, 0.89, 0.30, 1.15, 1.18, 0.54, 0.73, 0.75, 0.11, 1.03, 1.03, 0.21
74336, 0, 0.90, 0.50, -2.29, -0.37, 99.75, 1.32, 52.80, 0.01, 0.89, 0.89, 0.46, 1.15, 1.14, 0.53, 0.73, 0.73, 0.09, 1.03, 1.06, 0.12
74346, 0, 0.90, 0.50, -2.27, -0.37, 99.78, 1.32, 52.80, 0.01, 0.89, 0.89, 0.40, 1.15, 1.18, 0.47, 0.73, 0.75, 0.12, 1.03, 1.03, 0.21
74356, 0, 0.90, 0.50, -2.19, -0.27, 99.82, 1.32, 52.80, 0.01, 0.89, 0.89, 0.46, 1.15, 1.14, 0.51, 0.73, 0.75, 0.09, 1.03, 1.04, 0.18
74366, 0, 0.90, 0.50, -2.20, -0.29, 99.87, 1.32, 52.80, 0.01, 0.89, 0.90, 0.28, 1.15, 1.17, 0.47, 0.73, 0.73, 0.14, 1.03, 1.04, 0.16
74376, 0, 0.90, 0.50, -2.25, -0.25, 99.90, 1.32, 52.80, 0.01, 0.89, 0.89, 0.42, 1.15, 1.15, 0.63, 0.73, 0.73, 0.14, 1.03, 1.06, 0.07
74386, 0, 0.90, 0.50, -2.35, -0.32, 99.87, 1.32, 52.80, 0.01, 0.89, 0.89, 0.42, 1.15, 1.15, 0.49, 0.73, 0.76, 0.07, 1.03, 1.03, 0.19
74396, 0, 0.90, 0.50, -2.30, -0.21, 99.80, 1.32, 52.80, 0.01, 0.89, 0.87, 0.44, 1.15, 1.14, 0.68, 0.73, 0.75, 0.05, 1.03, 1.04, 0.16
74406, 0, 0.90, 0.50, -2.18, -0.20, 99.74, 1.32, 52.80, 0.01, 0.89, 0.89, 0.49, 1.15, 1.15, 0.56, 0.73, 0.75, 0.05, 1.03, 1.03, 0.19
74416, 0, 0.90, 0.50, -2.18, -0.22, 99.73, 1.32, 52.80, 0.01, 0.89, 0.89, 0.35, 1.15, 1.17, 0.65, 0.73, 0.75, 0.05, 1.03, 1.06, 0.14
74426, 0, 0.90, 0.50, -2.23, -0.16, 99.65, 1.32, 52.80, 0.01, 0.89, 0.90, 0.49, 1.15, 1.17, 0.56, 0.73, 0.73, 0.12, 1.03, 1.03, 0.11
74436, 0, 0.90, 0.50, -2.29, -0.33, 99.57, 1.32, 52.80, 0.01, 0.89, 0.92, 0.32, 1.15, 1.14, 0.70, 0.73, 0.73, 0.09, 1.03, 1.04, 0.16
74446, 0, 0.90, 0.50, -2.14, -0.29, 99.51, 1.32, 52.80, 0.01, 0.89, 0.87, 0.44, 1.15, 1.17, 0.67, 0.73, 0.75, 0.05, 1.03, 1.01, 0.12
74456, 0, 0.90, 0.50, -2.04, -0.25, 99.51, 1.32, 52.80, 0.01, 0.89, 0.90, 0.44, 1.15, 1.15, 0.60, 0.73, 0.73, 0.14, 1.03, 1.03, 0.19
74466, 0, 0.90, 0.50, -2.06, -0.18, 99.50, 1.32, 52.80, 0.01, 0.89, 0.89, 0.44, 1.15, 1.17, 0.58, 0.73, 0.73, 0.12, 1.03, 1.03, 0.12
74476, 0, 0.90, 0.50, -2.06, -0.29, 99.57, 1.32, 52.80, 0.01, 0.89, 0.89, 0.53, 1.15, 1.17, 0.54, 0.73, 0.73, 0.11, 1.03, 1.06, 0.09
74486, 0, 0.90, 0.50, -2.03, -0.27, 99.68, 1.32, 52.80, 0.01, 0.89, 0.89, 0.42, 1.15, 1.14, 0.65, 0.73, 0.75, 0.11, 1.03, 1.03, 0.14
74496, 0, 0.90, 0.50, -2.05, -0.07, 99.72, 1.32, 52.80, 0.01, 0.89, 0.90, 0.49, 1.15, 1.17, 0.60, 0.73, 0.75, 0.07, 1.03, 1.03, 0.25
74506, 0, 0.90, 0.50, -2.07, -0.17, 99.79, 1.32, 52.80, 0.01, 0.89, 0.90, 0.32, 1.15, 1.15, 0.74, 0.73, 0.73, 0.19, 1.03, 1.03, 0.18
74516, 0, 0.90, 0.50, -2.08, -0.18, 99.84, 1.32, 52.80, 0.01, 0.89, 0.89, 0.47, 1.15, 1.15, 0.51, 0.73, 0.73, 0.14, 1.03, 1.04, 0.19
74526, 0, 0.90, 0.50, -2.01, -0.10, 99.89, 1.32, 52.80, 0.01, 0.89, 0.90, 0.44, 1.15, 1.17, 0.70, 0.73, 0.75, 0.07, 1.03, 1.04, 0.07
74536, 0, 0.90, 0.50, -2.10, -0.08, 99.97, 1.32, 52.80, 0.01, 0.89, 0.90, 0.35, 1.15, 1.14, 0.65, 0.73, 0.73, 0.14, 1.03, 1.04, 0.14
74560, 0, 0.90, 0.50, -2.21, -0.14, 100.06, 1.32, 52.80, 0.01, 0.89, 0.90, 0.28, 1.15, 1.17, 0.67, 0.73, 0.75, 0.07, 1.03, 1.04, 0.07
74566, 0, 0.90, 0.50, -2.31, -0.19, 100.15, 1.32, 52.80, 0.01, 0.89, 0.90, 0.35, 1.15, 1.18, 0.58, 0.73, 0.73, 0.14, 1.03, 1.04, 0.09
74576, 0, 0.90, 0.50, -2.34, -0.14, 100.17, 1.32, 52.80, 0.01, 0.89, 0.90, 0.28, 1.15, 1.14, 0.68, 0.73, 0.73, 0.12, 1.03, 1.04, 0.11
74586, 0, 0.90, 0.50, -2.31, -0.18, 100.19, 1.32, 52.80, 0.01, 0.89, 0.89, 0.33, 1.15, 1.17, 0.63, 0.73, 0.75, 0.07, 1.03, 1.03, 0.11
74597, 0, 0.90, 0.50, -2.23, -0.19, 100.15, 1.32, 52.80, 0.01, 0.89, 0.92, 0.32, 1.15, 1.17, 0.77, 0.73, 0.73, 0.16, 1.03, 1.04, 0.12
74606, 0, 0.90, 0.50, -2.15, -0.21, 100.12, 1.32, 52.80, 0.01, 0.89, 0.90, 0.23, 1.15, 1.17, 0.51, 0.73, 0.75, 0.07, 1.03, 1.03, 0.12
74616, 0, 0.90, 0.50, -2.18, -0.22, 100.07, 1.32, 52.80, 0.01, 0.89, 0.90, 0.33, 1.15, 1.15, 0.74, 0.73, 0.75, 0.04, 1.03, 1.03, 0.19
74626, 0, 0.90, 0.50, -2.13, -0.31, 100.04, 1.32, 52.80, 0.01, 0.89, 0.89, 0.33, 1.15, 1.17, 0.65, 0.73, 0.73, 0.16, 1.03, 1.04, 0.04
74636, 0, 0.90, 0.50, -2.09, -0.41, 100.09, 1.32, 52.80, 0.01, 0.89, 0.86, 0.46, 1.15, 1.17, 0.54, 0.73, 0.75, 0.07, 1.03, 1.03, 0.19
74646, 0, 0.90, 0.50, -2.15, -0.15, 100.13, 1.32, 52.80, 0.01, 0.89, 0.89, 0.51, 1.15, 1.17, 0.68, 0.73, 0.73, 0.11, 1.03, 1.03, 0.16
74656, 0, 0.90, 0.50, -2.06, -0.28, 100.11, 1.32, 52.80, 0.01, 0.89, 0.89, 0.39, 1.15, 1.18, 0.49, 0.73, 0.73, 0.16, 1.03, 1.01, 0.26
74666, 0, 0.90, 0.50, -1.99, -0.31, 100.09, 1.32, 52.80, 0.01, 0.89, 0.90, 0.46, 1.15, 1.14, 0.72, 0.73, 0.76, 0.04, 1.03, 1.04, 0.07
74676, 0, 0.90, 0.50, -1.96, -0.30, 100.19, 1.32, 52.80, 0.01, 0.89, 0.90, 0.26, 1.15, 1.15, 0.61, 0.73, 0.75, 0.05, 1.03, 1.03, 0.19
74686, 0, 0.90, 0.50, -1.95, -0.20, 100.26, 1.32, 52.80, 0.01, 0.89, 0.87, 0.49, 1.15, 1.14, 0.74, 0.73, 0.75, 0.09, 1.03, 1.04, 0.11
74696, 0, 0.90, 0.50, -1.98, -0.29, 100.29, 1.32, 52.80, 0.01, 0.89, 0.90, 0.39, 1.15, 1.17, 0.63, 0.73, 0.75, 0.04, 1.03, 1.03, 0.19
74706, 0, 0.90, 0.50, -1.99, -0.14, 100.32, 1.32, 52.80, 0.01, 0.89, 0.87, 0.47, 1.15, 1.15, 0.72, 0.73, 0.73, 0.05, 1.03, 1.04, 0.11
74716, 0, 0.90, 0.50, -2.04, -0.17, 100.36, 1.32, 52.80, 0.01, 0.89, 0.90, 0.44, 1.15, 1.15, 0.68, 0.73, 0.73, 0.09, 1.03, 1.03, 0.21
74726, 0, 0.90, 0.50, -2.06, -0.16, 100.41, 1.32, 52.80, 0.01, 0.89, 0.90, 0.35, 1.15, 1.17, 0.81, 0.73, 0.75, 0.04, 1.03, 1.06, 0.09
74736, 0, 0.90, 0.50, -2.09, -0.12, 100.41, 1.32, 52.80, 0.01, 0.89, 0.90, 0.37, 1.15, 1.15, 0.63, 0.73, 0.73, 0.04, 1.03, 1.04, 0.14
74746, 0, 0.90, 0.50, -2.17, -0.23, 100.35, 1.32, 52.80, 0.01, 0.89, 0.90, 0.21, 1.15, 1.17, 0.77, 0.73, 0.75, 0.07, 1.03, 1.04, 0.07
74756, 0, 0.90, 0.50, -2.10, -0.18, 100.27, 1.32, 52.80, 0.01, 0.89, 0.89, 0.40, 1.15, 1.14, 0.74, 0.73, 0.75, 0.04, 1.03, 1.03, 0.23
74766, 0, 0.90, 0.50, -2.08, -0.19, 100.26, 1.32, 52.80, 0.01, 0.89, 0.92, 0.32, 1.15, 1.17, 0.75, 0.73, 0.73, 0.12, 1.03, 1.04, 0.07
74776, 0, 0.90, 0.50, -2.03, -0.20, 100.23, 1.32, 52.80, 0.01, 0.89, 0.90, 0.30, 1.15, 1.14, 0.77, 0.73, 0.73, 0.07, 1.03, 1.03, 0.19
74786, 0, 0.90, 0.50, -2.15, -0.26, 100.23, 1.32, 52.80, 0.01, 0.89, 0.92, 0.23, 1.15, 1.17, 0.74, 0.73, 0.75, 0.04, 1.03, 1.04, 0.04
74796, 0, 0.90, 0.50, -2.26, -0.27, 100.17, 1.32, 52.80, 0.01, 0.89, 0.89, 0.21, 1.15, 1.14, 0.81, 0.73, 0.73, 0.07, 1.03, 1.03, 0.19
74806, 0, 0.90, 0.50, -2.20, -0.27, 100.08, 1.32, 52.80, 0.01, 0.89, 0.90, 0.35, 1.15, 1.17, 0.74, 0.73, 0.75, 0.05, 1.03, 1.04, 0.12
74816, 0, 0.90, 0.50, -2.26, -0.22, 99.99, 1.32, 52.80, 0.01, 0.89, 0.89, 0.26, 1.15, 1.14, 0.89, 0.73, 0.75, 0.04, 1.03, 1.01, 0.23
74826, 0, 0.90, 0.50, -2.16, -0.23, 99.88, 1.32, 52.80, 0.01, 0.89, 0.87, 0.42, 1.15, 1.15, 0.74, 0.73, 0.73, 0.05, 1.03, 1.06, 0.09
74836, 0, 0.90, 0.50, -2.24, -0.33, 99.83, 1.32, 52.80, 0.01, 0.89, 0.90, 0.33, 1.15, 1.21, 0.60, 0.73, 0.76, 0.05, 1.03, 1.03, 0.18
74846, 0, 0.90, 0.50, -2.14, -0.18, 99.76, 1.32, 52.80, 0.01, 0.89, 0.90, 0.21, 1.15, 1.14, 0.74, 0.73, 0.75, 0.09, 1.03, 1.03, 0.18
74869, 0, 0.90, 0.50, -2.08, -0.27, 99.80, 1.32, 52.80, 0.01, 0.89, 0.87, 0.39, 1.15, 1.17, 0.86, 0.73, 0.75, 0.04, 1.03, 1.04, 0.14
74876, 0, 0.90, 0.50, -2.04, -0.35, 99.83, 1.32, 52.80, 0.01, 0.89, 0.87, 0.46, 1.15, 1.18, 0.63, 0.73, 0.75, 0.04, 1.03, 1.03, 0.11
74886, 0, 0.90, 0.50, -2.11, -0.22, 99.88, 1.32, 52.80, 0.01, 0.89, 0.90, 0.26, 1.15, 1.15, 0.67, 0.73, 0.73, 0.11, 1.03, 1.04, 0.16
74896, 0, 0.90, 0.50, -2.10, -0.05, 99.89, 1.32, 52.80, 0.01, 0.89, 0.87, 0.47, 1.15, 1.15, 0.75, 0.73, 0.75, 0.04, 1.03, 1.01, 0.18
74908, 0, 0.90, 0.50, -2.16, -0.12, 99.92, 1.32, 52.80, 0.01, 0.89, 0.92, 0.19, 1.15, 1.15, 0.82, 0.73, 0.73, 0.09, 1.03, 1.04, 0.21
74916, 0, 0.90, 0.50, -2.22, -0.16, 99.94, 1.32, 52.80, 0.01, 0.89, 0.89, 0.30, 1.15, 1.17, 0.65, 0.73, 0.73, 0.09, 1.03, 1.03, 0.18
74926, 0, 0.90, 0.50, -1.99, -0.03, 99.95, 1.32, 52.80, 0.01, 0.89, 0.89, 0.42, 1.15, 1.17, 0.77, 0.73, 0.73, 0.07, 1.03, 1.04, 0.28
74936, 0, 0.90, 0.50, -1.86, -0.16, 100.03, 1.32, 52.80, 0.01, 0.89, 0.90, 0.30, 1.15, 1.17, 0.56, 0.73, 0.75, 0.04, 1.03, 1.04, 0.11
74946, 0, 0.90, 0.50, -1.98, -0.04, 100.13, 1.32, 52.80, 0.01, 0.89, 0.87, 0.44, 1.15, 1.17, 0.81, 0.73, 0.75, 0.04, 1.03, 1.04, 0.25
74956, 0, 0.90, 0.50, -2.06, -0.12, 100.21, 1.32, 52.80, 0.01, 0.89, 0.90, 0.37, 1.15, 1.15, 0.70, 0.73, 0.75, 0.05, 1.03, 1.03, 0.12
74966, 0, 0.90, 0.50, -2.01, 0.01, 100.30, 1.32, 52.80, 0.01, 0.89, 0.89, 0.33, 1.15, 1.18, 0.70, 0.73, 0.73, 0.09, 1.03, 1.04, 0.25
74976, 0, 0.90, 0.50, -2.01, -0.03, 100.37, 1.32, 52.80, 0.01, 0.89, 0.92, 0.33, 1.15, 1.15, 0.65, 0.73, 0.73, 0.07, 1.03, 1.04, 0.12
74986, 0, 0.90, 0.50, -2.08, -0.07, 100.45, 1.32, 52.80, 0.01, 0.89, 0.89, 0.30, 1.15, 1.18, 0.65, 0.73, 0.75, 0.05, 1.03, 1.06, 0.11
74996, 0, 0.90, 0.50, -2.33, -0.13, 100.53, 1.32, 52.80, 0.01, 0.89, 0.89, 0.44, 1.15, 1.14, 0.74, 0.73, 0.72, 0.12, 1.03, 1.04, 0.09
75006, 0, 0.90, 0.50, -2.36, -0.10, 100.52, 1.32, 52.80, 0.01, 0.89, 0.90, 0.32, 1.15, 1.18, 0.58, 0.73, 0.73, 0.07, 1.03, 1.04, 0.21
75016, 0, 0.90, 0.50, -2.38, -0.12, 100.52, 1.32, 52.80, 0.01, 0.89, 0.89, 0.35, 1.15, 1.15, 0.72, 0.73, 0.75, 0.04, 1.03, 1.03, 0.07
75026, 0, 0.90, 0.50, -2.43, -0.15, 100.49, 1.32, 52.80, 0.01, 0.89, 0.92, 0.21, 1.15, 1.17, 0.53, 0.73, 0.73, 0.07, 1.03, 1.04, 0.16
75036, 0, 0.90, 0.50, -2.32, -0.22, 100.47, 1.32, 52.80, 0.01, 0.89, 0.89, 0.35, 1.15, 1.15, 0.79, 0.73, 0.75, 0.05, 1.03, 1.04, 0.05
75046, 0, 0.90, 0.50, -2.46, -0.20, 100.46, 1.32, 52.80, 0.01, 0.89, 0.90, 0.32, 1.15, 1.15, 0.60, 0.73, 0.73, 0.09, 1.03, 1.04, 0.12
75056, 0, 0.90, 0.50, -2.42, -0.27, 100.41, 1.32, 52.80, 0.01, 0.89, 0.89, 0.32, 1.15, 1.20, 0.58, 0.73, 0.73, 0.16, 1.03, 1.03, 0.09
75066, 0, 0.90, 0.50, -2.42, -0.18, 100.31, 1.32, 52.80, 0.01, 0.89, 0.89, 0.37, 1.15, 1.17, 0.56, 0.73, 0.73, 0.07, 1.03, 1.03, 0.19
75076, 0, 0.90, 0.50, -2.14, -0.26, 100.20, 1.32, 52.80, 0.01, 0.89, 0.90, 0.19, 1.15, 1.18, 0.49, 0.73, 0.72, 0.19, 1.03, 1.04, 0.11
75086, 0, 0.90, 0.50, -1.69, -0.37, 100.28, 1.32, 52.80, 0.01, 0.89, 0.87, 0.37, 1.15, 1.11, 0.70, 0.73, 0.72, 0.33, 1.03, 1.03, 0.21
75096, 0, 0.90, 0.50, -2.41, -0.54, 100.55, 1.32, 52.80, 0.01, 0.89, 0.90, 0.39, 1.15, 1.20, 0.60, 0.73, 0.75, 0.14, 1.03, 1.04, 0.09
75106, 0, 0.90, 0.50, -2.21, -0.23, 100.72, 1.32, 52.80, 0.01, 0.89, 0.89, 0.28, 1.15, 1.20, 0.46, 0.73, 0.73, 0.19, 1.03, 1.01, 0.25
75116, 0, 0.90, 0.50, -2.27, -0.61, 100.81, 1.32, 52.80, 0.01, 0.89, 0.87, 0.47, 1.15, 1.15, 0.49, 0.73, 0.73, 0.32, 1.03, 1.03, 0.14
75126, 0, 0.90, 0.50, -2.74, -0.56, 100.82, 1.32, 52.80, 0.01, 0.89, 0.87, 0.49, 1.15, 1.15, 0.75, 0.73, 0.75, 0.12, 1.03, 1.01, 0.28
75136, 0, 0.90, 0.50, -2.37, -0.20, 100.73, 1.32, 52.80, 0.01, 0.89, 0.90, 0.47, 1.15, 1.15, 0.49, 0.73, 0.75, 0.18, 1.03, 1.04, 0.18
75146, 0, 0.90, 0.50, -2.18, 0.07, 100.68, 1.32, 52.80, 0.01, 0.89, 0.90, 0.26, 1.15, 1.17, 0.61, 0.73, 0.73, 0.26, 1.03, 1.03, 0.25
75156, 0, 0.90, 0.50, -2.20, -0.14, 100.61, 1.32, 52.80, 0.01, 0.89, 0.89, 0.40, 1.15, 1.15, 0.67, 0.73, 0.75, 0.07, 1.03, 1.04, 0.18
75166, 0, 0.90, 0.50, -2.11, -0.40, 100.58, 1.32, 52.80, 0.01, 0.89, 0.90, 0.33, 1.15, 1.17, 0.60, 0.73, 0.73, 0.19, 1.03, 1.03, 0.23
75190, 0, 0.90, 0.50, -2.24, -0.39, 100.67, 1.32, 52.80, 0.01, 0.89, 0.92, 0.28, 1.15, 1.15, 0.53, 0.73, 0.75, 0.07, 1.03, 1.04, 0.23
75196, 0, 0.90, 0.50, -2.35, -0.38, 100.76, 1.32, 52.80, 0.01, 0.89, 0.90, 0.26, 1.15, 1.14, 0.63, 0.73, 0.73, 0.16, 1.03, 1.06, 0.11
75206, 0, 0.90, 0.50, -2.37, -0.38, 100.80, 1.32, 52.80, 0.01, 0.89, 0.90, 0.37, 1.15, 1.18, 0.49, 0.73, 0.75, 0.16, 1.03, 1.03, 0.18
75217, 0, 0.90, 0.50, -2.40, -0.32, 100.87, 1.32, 52.80, 0.01, 0.89, 0.90, 0.25, 1.15, 1.15, 0.68, 0.73, 0.75, 0.11, 1.03, 1.04, 0.16
75226, 0, 0.90, 0.50, -2.42, -0.28, 100.93, 1.32, 52.80, 0.01, 0.89, 0.89, 0.35, 1.15, 1.18, 0.40, 0.73, 0.73, 0.19, 1.03, 1.03, 0.19
75236, 0, 0.90, 0.50, -2.27, -0.35, 101.04, 1.32, 52.80, 0.01, 0.89, 0.89, 0.35, 1.15, 1.17, 0.60, 0.73, 0.75, 0.09, 1.03, 1.07, 0.12
75246, 0, 0.90, 0.50, -2.34, -0.40, 101.13, 1.32, 52.80, 0.01, 0.89, 0.89, 0.39, 1.15, 1.17, 0.37, 0.73, 0.75, 0.07, 1.03, 1.03, 0.14
75256, 0, 0.90, 0.50, -2.38, -0.35, 101.13, 1.32, 52.80, 0.01, 0.89, 0.90, 0.30, 1.15, 1.17, 0.61, 0.73, 0.73, 0.19, 1.03, 1.06, 0.14
75266, 0, 0.90, 0.50, -2.29, -0.39, 101.06, 1.32, 52.80, 0.01, 0.89, 0.90, 0.28, 1.15, 1.15, 0.44, 0.73, 0.75, 0.07, 1.03, 1.01, 0.19
75276, 0, 0.90, 0.50, -2.22, -0.40, 101.02, 1.32, 52.80, 0.01, 0.89, 0.89, 0.33, 1.15, 1.18, 0.47, 0.73, 0.73, 0.11, 1.03, 1.04, 0.19
75286, 0, 0.90, 0.50, -2.22, -0.30, 100.92, 1.32, 52.80, 0.01, 0.89, 0.89, 0.47, 1.15, 1.15, 0.47, 0.73, 0.72, 0.26, 1.03, 1.01, 0.18
75296, 0, 0.90, 0.50, -2.10, -0.33, 100.74, 1.32, 52.80, 0.01, 0.89, 0.89, 0.32, 1.15, 1.18, 0.37, 0.73, 0.75, 0.14, 1.03, 1.04, 0.25
75306, 0, 0.90, 0.50, -2.43, -0.34, 100.56, 1.32, 52.80, 0.01, 0.89, 0.89, 0.49, 1.15, 1.13, 0.72, 0.73, 0.73, 0.14, 1.03, 1.03, 0.18
75316, 0, 0.90, 0.50, -2.24, -0.45, 100.32, 1.32, 52.80, 0.01, 0.89, 0.90, 0.28, 1.15, 1.17, 0.40, 0.73, 0.73, 0.21, 1.03, 1.04, 0.23
75326, 0, 0.90, 0.50, -2.12, -0.26, 100.13, 1.32, 52.80, 0.01, 0.89, 0.90, 0.42, 1.15, 1.17, 0.56, 0.73, 0.75, 0.12, 1.03, 1.03, 0.19
75336, 0, 0.90, 0.50, -2.13, -0.35, 100.03, 1.32, 52.80, 0.01, 0.89, 0.90, 0.26, 1.15, 1.15, 0.47, 0.73, 0.73, 0.16, 1.03, 1.04, 0.21
75346, 0, 0.90, 0.50, -1.83, -0.28, 100.02, 1.32, 52.80, 0.01, 0.89, 0.87, 0.47, 1.15, 1.18, 0.53, 0.73, 0.73, 0.26, 1.03, 1.03, 0.19