timestamp, mode, setpoint, setpoint_radius, acc_x, acc_y, gyro_z, actual_velocity, Kp, Ki, Kd, MU0setpoint, MU0value, MU0current, MU1setpoint, MU1value, MU1current, MU2setpoint, MU2value, MU2current, MU3setpoint, MU3value, MU3current, error_yaw, error_velocity, updated_yaw, updated_velocity, omega_yaw, omega_move
314378, 3, 0.50, 0.50, -0.86, -0.39, 48.20, 54.59, 1.32, 52.80, 0.01, 0.48, 0.08, 0.00, 0.63, 0.06, 0.00, 0.39, 0.08, 0.00, 0.56, 0.10, 0.00, 4.76, -54.09, 1.00, 0.00, 0.02096, -0.01414
314405, 3, 0.50, 0.50, -0.81, -0.35, 39.51, 54.60, 1.32, 52.80, 0.01, 0.48, 0.08, 0.00, 0.63, 0.06, 0.00, 0.39, 0.08, 0.00, 0.56, 0.10, 0.00, 5.11, -54.10, 1.00, -0.11, 0.02093, -0.13972
314418, 3, 0.50, 0.50, -0.76, -0.31, 26.41, 54.61, 1.32, 52.80, 0.01, 0.48, 0.08, 0.00, 0.63, 0.06, 0.00, 0.39, 0.08, 0.00, 0.56, 0.10, 0.00, 9.09, -54.11, 1.00, -0.18, 0.02083, -0.23973
314431, 3, 0.50, 0.50, -0.72, -0.29, 14.51, 54.62, 1.32, 52.80, 0.01, 0.48, 0.08, 0.00, 0.63, 0.06, 0.00, 0.39, 0.08, 0.00, 0.56, 0.10, 0.00, 17.78, -54.12, 1.00, 0.04, 0.02078, -0.06702
314444, 3, 0.50, 0.50, -0.68, -0.27, 7.62, 54.63, 1.32, 52.80, 0.01, 0.48, 0.08, 0.00, 0.63, 0.06, 0.00, 0.39, 0.08, 0.00, 0.56, 0.10, 0.00, 30.89, -54.13, 1.00, 0.52, 0.02102, 0.36875
314472, 3, 0.50, 0.50, -0.66, -0.25, 4.35, 54.64, 1.32, 52.80, 0.01, 0.48, 0.08, 0.00, 0.63, 0.06, 0.00, 0.39, 0.08, 0.00, 0.56, 0.10, 0.00, 42.79, -54.14, 1.00, 0.90, 0.02132, 0.71756
314484, 3, 0.50, 0.50, -0.63, -0.24, 2.71, 54.65, 1.32, 52.80, 0.01, 0.48, 0.08, 0.00, 0.63, 0.06, 0.00, 0.39, 0.08, 0.00, 0.56, 0.10, 0.00, 49.67, -54.15, 1.00, 0.86, 0.02150, 0.65894
314498, 3, 0.50, 0.50, -0.62, -0.23, 1.84, 54.66, 1.32, 52.80, 0.01, 0.48, 0.08, 0.00, 0.63, 0.06, 0.00, 0.39, 0.08, 0.00, 0.56, 0.10, 0.00, 52.94, -54.16, 1.00, 0.51, 0.02156, 0.29874
314512, 3, 0.50, 0.50, -0.60, -0.22, 1.34, 54.67, 1.32, 52.80, 0.01, 0.48, 0.08, 0.00, 0.63, 0.06, 0.00, 0.39, 0.08, 0.00, 0.56, 0.10, 0.00, 54.58, -54.17, 1.00, 0.23, 0.02156, 0.00328
314524, 3, 0.50, 0.50, -0.59, -0.21, 1.00, 54.67, 1.32, 52.80, 0.01, 0.48, 0.08, 0.00, 0.63, 0.06, 0.00, 0.39, 0.08, 0.00, 0.56, 0.10, 0.00, 55.45, -54.17, 1.00, 0.18, 0.02155, -0.06392
314538, 3, 0.50, 0.50, -0.58, -0.21, 0.78, 54.68, 1.32, 52.80, 0.01, 0.48, 0.08, 0.00, 0.63, 0.06, 0.00, 0.39, 0.08, 0.00, 0.56, 0.10, 0.00, 55.96, -54.18, 1.00, 0.20, 0.02154, -0.04951
314551, 3, 0.50, 0.50, -0.57, -0.20, 0.61, 54.69, 1.32, 52.80, 0.01, 0.48, 0.08, 0.00, 0.63, 0.06, 0.00, 0.39, 0.08, 0.00, 0.56, 0.10, 0.00, 56.30, -54.19, 1.00, 0.24, 0.02154, -0.02232
314564, 3, 0.50, 0.50, -0.56, -0.20, 0.49, 54.70, 1.32, 52.80, 0.01, 0.48, 0.08, 0.00, 0.63, 0.06, 0.00, 0.39, 0.08, 0.00, 0.56, 0.10, 0.00, 56.52, -54.20, 1.00, 0.27, 0.02154, -0.00597
314578, 3, 0.50, 0.50, -0.56, -0.20, 0.39, 54.70, 1.32, 52.80, 0.01, 0.48, 0.08, 0.00, 0.63, 0.06, 0.00, 0.39, 0.08, 0.00, 0.56, 0.10, 0.00, 56.68, -54.20, 1.00, 0.28, 0.02154, 0.00074
314591, 3, 0.50, 0.50, -0.55, -0.19, 0.31, 54.71, 1.32, 52.80, 0.01, 0.48, 0.08, 0.00, 0.63, 0.06, 0.00, 0.39, 0.08, 0.00, 0.56, 0.10, 0.00, 56.80, -54.21, 1.00, 0.29, 0.02154, 0.00300
314604, 3, 0.50, 0.50, -0.55, -0.19, 0.25, 54.72, 1.32, 52.80, 0.01, 0.48, 0.08, 0.00, 0.63, 0.06, 0.00, 0.39, 0.08, 0.00, 0.56, 0.10, 0.00, 56.90, -54.22, 1.00, 0.31, 0.02154, 0.00351
314618, 3, 0.50, 0.50, -0.54, -0.19, 0.20, 54.73, 1.32, 52.80, 0.01, 0.48, 0.08, 0.00, 0.63, 0.06, 0.00, 0.39, 0.08, 0.00, 0.56, 0.10, 0.00, 56.98, -54.23, 1.00, 0.32, 0.02154, 0.00340
314631, 3, 0.50, 0.50, -0.54, -0.19, 0.16, 54.74, 1.32, 52.80, 0.01, 0.48, 0.08, 0.00, 0.63, 0.06, 0.00, 0.39, 0.08, 0.00, 0.56, 0.10, 0.00, 57.05, -54.24, 1.00, 0.33, 0.02154, 0.00300
314644, 3, 0.50, 0.50, -0.54, -0.18, 0.12, 54.74, 1.32, 52.80, 0.01, 0.48, 0.08, 0.00, 0.63, 0.06, 0.00, 0.39, 0.08, 0.00, 0.56, 0.10, 0.00, 57.10, -54.24, 1.00, 0.34, 0.02154, 0.00247
314658, 3, 0.50, 0.50, -0.54, -0.18, 0.09, 54.75, 1.32, 52.80, 0.01, 0.48, 0.08, 0.00, 0.63, 0.06, 0.00, 0.39, 0.08, 0.00, 0.56, 0.10, 0.00, 57.14, -54.25, 1.00, 0.34, 0.02154, 0.00197
314671, 3, 0.50, 0.50, -0.53, -0.18, 0.06, 54.76, 1.32, 52.80, 0.01, 0.48, 0.08, 0.00, 0.63, 0.06, 0.05, 0.39, 0.08, 0.00, 0.56, 0.10, 0.00, 57.18, -54.26, 1.00, 0.35, 0.02154, 0.00161
314684, 3, 0.50, 0.50, -0.53, -0.17, 0.05, 54.76, 1.32, 52.80, 0.01, 0.48, 0.08, 0.00, 0.63, 0.06, 1.46, 0.39, 0.08, 0.00, 0.56, 0.10, 0.00, 57.21, -54.26, 1.00, 0.36, 0.02154, 0.00134
314698, 3, 0.50, 0.50, -0.54, -0.10, 0.15, 54.77, 1.32, 52.80, 0.01, 0.48, 0.06, 0.00, 0.63, 0.03, 2.88, 0.39, 0.08, 0.00, 0.56, 0.10, 0.00, 57.23, -54.27, 1.00, 0.37, 0.02154, 0.00098
314711, 3, 0.50, 0.50, -0.52, -0.06, 0.24, 54.78, 1.32, 52.80, 0.01, 0.48, 0.06, 0.00, 0.63, 0.27, 3.16, 0.39, 0.08, 0.00, 0.56, 0.10, 0.00, 57.24, -54.28, 1.00, 0.38, 0.02154, 0.00031
314724, 3, 0.50, 0.50, -0.51, -0.02, 0.37, 54.79, 1.32, 52.80, 0.01, 0.48, 0.06, 0.00, 0.63, 0.66, 1.47, 0.39, 0.08, 0.00, 0.56, 0.10, 0.00, 57.15, -54.29, 1.00, 0.39, 0.02154, -0.00058
314738, 3, 0.50, 0.50, -0.52, -0.06, 0.54, 54.79, 1.32, 52.80, 0.01, 0.48, 0.06, 0.00, 0.63, 0.69, 1.21, 0.39, 0.08, 0.00, 0.56, 0.07, 0.02, 57.05, -54.29, 1.00, 0.40, 0.02154, -0.00115
314751, 3, 0.50, 0.50, -0.54, -0.02, 0.70, 54.80, 1.32, 52.80, 0.01, 0.48, 0.06, 0.00, 0.63, 0.63, 1.44, 0.39, 0.08, 0.00, 0.56, 0.07, 0.02, 56.92, -54.30, 1.00, 0.41, 0.02154, -0.00094
314777, 3, 0.50, 0.50, -0.54, 0.04, 0.89, 54.81, 1.32, 52.80, 0.01, 0.48, 0.04, 0.00, 0.63, 0.66, 1.32, 0.39, 0.08, 0.00, 0.56, 0.08, 1.79, 56.76, -54.31, 1.00, 0.42, 0.02154, 0.00013
314786, 3, 0.50, 0.50, -0.52, 0.30, 1.14, 54.81, 1.32, 52.80, 0.01, 0.48, 0.04, 0.00, 0.63, 0.77, 0.84, 0.39, 0.08, 0.00, 0.56, 0.20, 2.04, 56.60, -54.31, 1.00, 0.43, 0.02154, 0.00167
314794, 3, 0.50, 0.50, -0.50, 0.59, 1.56, 54.82, 1.32, 52.80, 0.01, 0.48, 0.04, 0.00, 0.63, 0.75, 0.54, 0.39, 0.08, 0.00, 0.56, 0.39, 1.79, 56.40, -54.32, 1.00, 0.44, 0.02154, 0.00318
314809, 3, 0.50, 0.50, -0.51, 0.66, 2.17, 54.82, 1.32, 52.80, 0.01, 0.48, 0.04, 0.02, 0.63, 0.58, 1.56, 0.39, 0.08, 0.00, 0.56, 0.54, 0.84, 56.16, -54.32, 1.00, 0.45, 0.02154, 0.00412
314818, 3, 0.50, 0.50, -0.50, 0.80, 2.93, 54.83, 1.32, 52.80, 0.01, 0.48, 0.04, 0.05, 0.63, 0.65, 1.42, 0.39, 0.08, 0.00, 0.56, 0.48, 1.23, 55.74, -54.33, 1.00, 0.46, 0.02154, 0.00432
314831, 3, 0.50, 0.50, -0.50, 0.90, 3.98, 54.83, 1.32, 52.80, 0.01, 0.48, 0.06, 0.89, 0.63, 0.66, 1.12, 0.39, 0.08, 0.00, 0.56, 0.52, 1.44, 55.13, -54.33, 1.00, 0.47, 0.02154, 0.00441
314844, 3, 0.50, 0.50, -0.51, 1.15, 5.77, 54.84, 1.32, 52.80, 0.01, 0.48, 0.17, 1.19, 0.63, 0.66, 1.07, 0.39, 0.08, 0.00, 0.56, 0.59, 1.02, 54.36, -54.34, 1.00, 0.47, 0.02154, 0.00540
314858, 3, 0.50, 0.50, -0.52, 1.28, 8.41, 54.84, 1.32, 52.80, 0.01, 0.48, 0.38, 0.96, 0.63, 0.63, 1.14, 0.39, 0.08, 0.00, 0.56, 0.58, 1.07, 53.32, -54.34, 1.00, 0.48, 0.02155, 0.00676
314871, 3, 0.50, 0.50, -0.54, 1.36, 12.11, 54.85, 1.32, 52.80, 0.01, 0.48, 0.49, 0.65, 0.63, 0.62, 1.30, 0.39, 0.08, 0.00, 0.56, 0.63, 1.02, 51.53, -54.35, 1.00, 0.48, 0.02155, 0.00715
314884, 3, 0.50, 0.50, -0.47, 1.33, 18.35, 54.85, 1.32, 52.80, 0.01, 0.48, 0.51, 0.39, 0.63, 0.65, 1.19, 0.39, 0.06, 0.00, 0.56, 0.62, 0.68, 48.88, -54.35, 1.00, 0.48, 0.02154, 0.00672
314898, 3, 0.50, 0.50, -0.48, 1.39, 26.27, 54.86, 1.32, 52.80, 0.01, 0.48, 0.51, 0.42, 0.63, 0.63, 1.23, 0.39, 0.06, 0.05, 0.56, 0.55, 0.98, 45.19, -54.36, 1.00, 0.46, 0.02154, 0.00578
314911, 3, 0.50, 0.50, -0.47, 1.38, 33.99, 54.86, 1.32, 52.80, 0.01, 0.48, 0.45, 1.00, 0.63, 0.68, 1.04, 0.39, 0.06, 0.04, 0.56, 0.54, 1.04, 38.95, -54.36, 1.00, 0.45, 0.02154, 0.00873
314924, 3, 0.50, 0.50, -0.47, 1.39, 41.71, 54.86, 1.32, 52.80, 0.01, 0.48, 0.48, 0.65, 0.63, 0.63, 1.16, 0.39, 0.06, 0.09, 0.56, 0.58, 0.93, 31.03, -54.36, 1.00, 0.45, 0.02153, 0.02997
314938, 3, 0.50, 0.50, -0.55, 1.37, 47.38, 54.87, 1.32, 52.80, 0.01, 0.48, 0.51, 0.28, 0.63, 0.66, 0.95, 0.39, 0.07, 0.09, 0.56, 0.59, 0.70, 23.31, -54.37, 1.00, 0.48, 0.02151, 0.08514
314951, 3, 0.50, 0.50, -0.58, 1.39, 50.85, 54.87, 1.32, 52.80, 0.01, 0.48, 0.46, 0.35, 0.63, 0.63, 1.05, 0.39, 0.14, 0.12, 0.56, 0.58, 0.70, 15.59, -54.37, 1.00, 0.56, 0.02147, 0.17864
314964, 3, 0.50, 0.50, -0.83, 1.52, 52.70, 54.88, 1.32, 52.80, 0.01, 0.48, 0.46, 0.47, 0.63, 0.62, 1.02, 0.39, 0.23, 0.28, 0.56, 0.49, 1.12, 9.91, -54.38, 1.00, 0.67, 0.02143, 0.29663
314978, 3, 0.50, 0.50, -0.83, 1.48, 52.82, 54.89, 1.32, 52.80, 0.01, 0.48, 0.46, 0.58, 0.63, 0.70, 0.72, 0.39, 0.30, 0.26, 0.56, 0.49, 1.42, 6.45, -54.39, 1.00, 0.78, 0.02140, 0.41280
314991, 3, 0.50, 0.50, -0.82, 1.69, 52.94, 54.90, 1.32, 52.80, 0.01, 0.48, 0.46, 0.72, 0.63, 0.63, 0.74, 0.39, 0.32, 0.32, 0.56, 0.56, 1.14, 4.59, -54.40, 1.00, 0.87, 0.02140, 0.50427
315004, 3, 0.50, 0.50, -0.79, 1.86, 51.85, 54.90, 1.32, 52.80, 0.01, 0.48, 0.46, 0.82, 0.63, 0.61, 1.00, 0.39, 0.34, 0.47, 0.56, 0.59, 0.98, 4.48, -54.40, 1.00, 0.92, 0.02141, 0.55735
315018, 3, 0.50, 0.50, -0.82, 1.75, 50.92, 54.91, 1.32, 52.80, 0.01, 0.48, 0.49, 0.65, 0.63, 0.66, 0.81, 0.39, 0.38, 0.33, 0.56, 0.59, 0.89, 4.36, -54.41, 1.00, 0.95, 0.02144, 0.57422
315031, 3, 0.50, 0.50, -0.91, 1.76, 50.55, 54.92, 1.32, 52.80, 0.01, 0.48, 0.49, 0.60, 0.63, 0.62, 1.02, 0.39, 0.41, 0.21, 0.56, 0.56, 1.05, 5.45, -54.42, 1.00, 0.94, 0.02147, 0.56655
315044, 3, 0.50, 0.50, -0.81, 1.62, 50.60, 54.93, 1.32, 52.80, 0.01, 0.48, 0.52, 0.49, 0.63, 0.65, 0.81, 0.39, 0.44, 0.11, 0.56, 0.59, 0.91, 6.37, -54.43, 1.00, 0.93, 0.02149, 0.54702
315058, 3, 0.50, 0.50, -0.79, 1.67, 51.28, 54.94, 1.32, 52.80, 0.01, 0.48, 0.51, 0.33, 0.63, 0.68, 0.60, 0.39, 0.44, 0.02, 0.56, 0.59, 0.81, 6.74, -54.44, 1.00, 0.90, 0.02150, 0.52173
315085, 3, 0.50, 0.50, -0.87, 1.25, 52.14, 54.94, 1.32, 52.80, 0.01, 0.48, 0.51, 0.21, 0.63, 0.68, 0.37, 0.39, 0.41, 0.09, 0.56, 0.59, 0.60, 6.69, -54.44, 1.00, 0.87, 0.02149, 0.49570
315098, 3, 0.50, 0.50, -0.94, 0.68, 52.80, 54.96, 1.32, 52.80, 0.01, 0.48, 0.52, 0.11, 0.63, 0.66, 0.26, 0.39, 0.42, 0.16, 0.56, 0.61, 0.47, 6.01, -54.46, 1.00, 0.85, 0.02148, 0.47669
315112, 3, 0.50, 0.50, -0.85, 0.40, 53.50, 54.97, 1.32, 52.80, 0.01, 0.48, 0.54, 0.04, 0.63, 0.68, 0.21, 0.39, 0.42, 0.25, 0.56, 0.58, 0.47, 5.15, -54.47, 1.00, 0.85, 0.02147, 0.47155
315124, 3, 0.50, 0.50, -0.94, 0.05, 54.24, 54.98, 1.32, 52.80, 0.01, 0.48, 0.49, 0.14, 0.63, 0.66, 0.19, 0.39, 0.44, 0.23, 0.56, 0.61, 0.37, 4.49, -54.48, 1.00, 0.85, 0.02146, 0.48003
315138, 3, 0.50, 0.50, -0.83, -0.16, 54.70, 54.99, 1.32, 52.80, 0.01, 0.48, 0.49, 0.12, 0.63, 0.66, 0.28, 0.39, 0.39, 0.12, 0.56, 0.59, 0.30, 3.79, -54.49, 1.00, 0.87, 0.02145, 0.49392
315151, 3, 0.50, 0.50, -0.86, -0.24, 55.04, 55.00, 1.32, 52.80, 0.01, 0.48, 0.51, 0.09, 0.63, 0.65, 0.28, 0.39, 0.38, 0.11, 0.56, 0.58, 0.39, 3.06, -54.50, 1.00, 0.88, 0.02144, 0.50733
315164, 3, 0.50, 0.50, -0.84, -0.37, 55.08, 55.01, 1.32, 52.80, 0.01, 0.48, 0.52, 0.11, 0.63, 0.65, 0.18, 0.39, 0.38, 0.12, 0.56, 0.62, 0.33, 2.60, -54.51, 1.00, 0.89, 0.02144, 0.51810
315178, 3, 0.50, 0.50, -0.85, -0.36, 55.14, 55.03, 1.32, 52.80, 0.01, 0.48, 0.51, 0.16, 0.63, 0.62, 0.35, 0.39, 0.38, 0.07, 0.56, 0.59, 0.12, 2.26, -54.53, 1.00, 0.90, 0.02144, 0.52730
315191, 3, 0.50, 0.50, -0.82, -0.53, 55.06, 55.04, 1.32, 52.80, 0.01, 0.48, 0.51, 0.25, 0.63, 0.62, 0.42, 0.39, 0.38, 0.05, 0.56, 0.58, 0.28, 2.21, -54.54, 1.00, 0.91, 0.02144, 0.53503
315204, 3, 0.50, 0.50, -0.87, -0.60, 54.86, 55.05, 1.32, 52.80, 0.01, 0.48, 0.49, 0.25, 0.63, 0.59, 0.68, 0.39, 0.39, 0.02, 0.56, 0.59, 0.14, 2.16, -54.55, 1.00, 0.91, 0.02145, 0.53975
315218, 3, 0.50, 0.50, -0.86, -0.50, 54.53, 55.06, 1.32, 52.80, 0.01, 0.48, 0.46, 0.28, 0.63, 0.65, 0.42, 0.39, 0.38, 0.07, 0.56, 0.56, 0.23, 2.24, -54.56, 1.00, 0.91, 0.02145, 0.54110
315231, 3, 0.50, 0.50, -0.94, -0.56, 54.09, 55.08, 1.32, 52.80, 0.01, 0.48, 0.48, 0.18, 0.63, 0.62, 0.51, 0.39, 0.39, 0.02, 0.56, 0.54, 0.18, 2.44, -54.58, 1.00, 0.91, 0.02146, 0.54092
315244, 3, 0.50, 0.50, -0.97, -0.50, 53.39, 55.09, 1.32, 52.80, 0.01, 0.48, 0.48, 0.12, 0.63, 0.61, 0.60, 0.39, 0.41, 0.02, 0.56, 0.55, 0.19, 2.76, -54.59, 1.00, 0.92, 0.02148, 0.54060
315258, 3, 0.50, 0.50, -0.95, -0.56, 52.60, 55.10, 1.32, 52.80, 0.01, 0.48, 0.48, 0.11, 0.63, 0.61, 0.67, 0.39, 0.38, 0.18, 0.56, 0.58, 0.16, 3.20, -54.60, 1.00, 0.92, 0.02150, 0.54038
315271, 3, 0.50, 0.50, -0.96, -0.57, 51.84, 55.12, 1.32, 52.80, 0.01, 0.48, 0.44, 0.04, 0.63, 0.61, 0.72, 0.39, 0.39, 0.11, 0.56, 0.49, 0.39, 3.91, -54.62, 1.00, 0.92, 0.02153, 0.53936
315284, 3, 0.50, 0.50, -0.92, -0.40, 50.89, 55.13, 1.32, 52.80, 0.01, 0.48, 0.44, 0.19, 0.63, 0.61, 0.96, 0.39, 0.42, 0.05, 0.56, 0.54, 0.39, 4.69, -54.63, 1.00, 0.92, 0.02155, 0.53607
315298, 3, 0.50, 0.50, -0.91, -0.24, 50.25, 55.14, 1.32, 52.80, 0.01, 0.48, 0.46, 0.16, 0.63, 0.63, 0.75, 0.39, 0.38, 0.25, 0.56, 0.52, 0.53, 5.46, -54.64, 1.00, 0.92, 0.02158, 0.53032
315311, 3, 0.50, 0.50, -0.92, -0.16, 49.72, 55.15, 1.32, 52.80, 0.01, 0.48, 0.46, 0.14, 0.63, 0.63, 0.74, 0.39, 0.38, 0.21, 0.56, 0.51, 0.74, 6.41, -54.65, 1.00, 0.91, 0.02160, 0.52164
315324, 3, 0.50, 0.50, -0.95, 0.02, 49.51, 55.17, 1.32, 52.80, 0.01, 0.48, 0.46, 0.30, 0.63, 0.61, 1.04, 0.39, 0.41, 0.14, 0.56, 0.56, 0.51, 7.04, -54.67, 1.00, 0.91, 0.02162, 0.51079
315338, 3, 0.50, 0.50, -0.96, 0.07, 49.52, 55.18, 1.32, 52.80, 0.01, 0.48, 0.48, 0.21, 0.63, 0.65, 0.70, 0.39, 0.42, 0.04, 0.56, 0.56, 0.54, 7.58, -54.68, 1.00, 0.90, 0.02164, 0.49882
315351, 3, 0.50, 0.50, -0.98, 0.20, 49.55, 55.19, 1.32, 52.80, 0.01, 0.48, 0.49, 0.25, 0.63, 0.61, 0.91, 0.39, 0.42, 0.04, 0.56, 0.56, 0.53, 7.79, -54.69, 1.00, 0.89, 0.02165, 0.48754
315364, 3, 0.50, 0.50, -0.94, 0.27, 49.62, 55.20, 1.32, 52.80, 0.01, 0.48, 0.48, 0.12, 0.63, 0.63, 0.88, 0.39, 0.41, 0.16, 0.56, 0.56, 0.56, 7.77, -54.70, 1.00, 0.88, 0.02166, 0.47958
315391, 3, 0.50, 0.50, -0.92, 0.31, 50.07, 55.22, 1.32, 52.80, 0.01, 0.48, 0.49, 0.11, 0.63, 0.65, 0.91, 0.39, 0.42, 0.23, 0.56, 0.58, 0.54, 7.75, -54.72, 1.00, 0.88, 0.02166, 0.47660
315399, 3, 0.50, 0.50, -0.90, 0.24, 50.58, 55.23, 1.32, 52.80, 0.01, 0.48, 0.48, 0.19, 0.63, 0.66, 0.79, 0.39, 0.42, 0.25, 0.56, 0.58, 0.42, 7.68, -54.73, 1.00, 0.88, 0.02166, 0.47671
315415, 3, 0.50, 0.50, -0.85, 0.00, 50.97, 55.24, 1.32, 52.80, 0.01, 0.48, 0.49, 0.12, 0.63, 0.65, 0.79, 0.39, 0.39, 0.18, 0.56, 0.59, 0.42, 7.22, -54.74, 1.00, 0.88, 0.02166, 0.47740
315423, 3, 0.50, 0.50, -0.83, 0.06, 51.39, 55.25, 1.32, 52.80, 0.01, 0.48, 0.54, 0.07, 0.63, 0.73, 0.39, 0.39, 0.37, 0.12, 0.56, 0.63, 0.16, 6.71, -54.75, 1.00, 0.88, 0.02166, 0.47899
315432, 3, 0.50, 0.50, -0.81, 0.10, 51.76, 55.26, 1.32, 52.80, 0.01, 0.48, 0.52, 0.09, 0.63, 0.66, 0.21, 0.39, 0.38, 0.04, 0.56, 0.58, 0.07, 6.33, -54.76, 1.00, 0.88, 0.02166, 0.48298
315444, 3, 0.50, 0.50, -0.85, -0.28, 52.00, 55.27, 1.32, 52.80, 0.01, 0.48, 0.49, 0.11, 0.63, 0.63, 0.75, 0.39, 0.41, 0.14, 0.56, 0.59, 0.35, 5.91, -54.77, 1.00, 0.89, 0.02166, 0.48973
315458, 3, 0.50, 0.50, -0.89, -0.09, 51.86, 55.28, 1.32, 52.80, 0.01, 0.48, 0.52, 0.23, 0.63, 0.66, 0.53, 0.39, 0.41, 0.23, 0.56, 0.56, 0.21, 5.53, -54.78, 1.00, 0.90, 0.02166, 0.49736
315471, 3, 0.50, 0.50, -0.81, -0.32, 51.81, 55.29, 1.32, 52.80, 0.01, 0.48, 0.52, 0.25, 0.63, 0.63, 0.58, 0.39, 0.38, 0.05, 0.56, 0.59, 0.11, 5.30, -54.79, 1.00, 0.91, 0.02167, 0.50468
315484, 3, 0.50, 0.50, -0.84, -0.45, 51.79, 55.31, 1.32, 52.80, 0.01, 0.48, 0.49, 0.25, 0.63, 0.66, 0.51, 0.39, 0.38, 0.00, 0.56, 0.58, 0.25, 5.44, -54.81, 1.00, 0.91, 0.02167, 0.51079
315498, 3, 0.50, 0.50, -0.80, -0.47, 51.69, 55.32, 1.32, 52.80, 0.01, 0.48, 0.49, 0.23, 0.63, 0.66, 0.39, 0.39, 0.38, 0.07, 0.56, 0.55, 0.23, 5.48, -54.82, 1.00, 0.92, 0.02168, 0.51434
315511, 3, 0.50, 0.50, -0.73, -0.65, 51.64, 55.33, 1.32, 52.80, 0.01, 0.48, 0.48, 0.23, 0.63, 0.68, 0.23, 0.39, 0.37, 0.14, 0.56, 0.58, 0.11, 5.51, -54.83, 1.00, 0.92, 0.02169, 0.51413
315524, 3, 0.50, 0.50, -0.75, -0.62, 51.39, 55.34, 1.32, 52.80, 0.01, 0.48, 0.48, 0.26, 0.63, 0.63, 0.42, 0.39, 0.38, 0.16, 0.56, 0.58, 0.23, 5.61, -54.84, 1.00, 0.92, 0.02170, 0.51146
315538, 3, 0.50, 0.50, -0.65, -0.66, 51.22, 55.35, 1.32, 52.80, 0.01, 0.48, 0.45, 0.28, 0.63, 0.66, 0.26, 0.39, 0.39, 0.16, 0.56, 0.52, 0.21, 5.66, -54.85, 1.00, 0.92, 0.02171, 0.50966
315551, 3, 0.50, 0.50, -0.77, -0.73, 51.15, 55.36, 1.32, 52.80, 0.01, 0.48, 0.44, 0.19, 0.63, 0.62, 0.42, 0.39, 0.39, 0.23, 0.56, 0.49, 0.40, 5.91, -54.86, 1.00, 0.92, 0.02172, 0.50947
315564, 3, 0.50, 0.50, -0.78, -0.61, 50.90, 55.37, 1.32, 52.80, 0.01, 0.48, 0.44, 0.02, 0.63, 0.63, 0.33, 0.39, 0.38, 0.30, 0.56, 0.49, 0.68, 6.08, -54.87, 1.00, 0.92, 0.02173, 0.50896
315578, 3, 0.50, 0.50, -0.77, -0.43, 50.71, 55.38, 1.32, 52.80, 0.01, 0.48, 0.44, 0.09, 0.63, 0.63, 0.35, 0.39, 0.38, 0.37, 0.56, 0.49, 0.81, 6.14, -54.88, 1.00, 0.92, 0.02175, 0.50731
315591, 3, 0.50, 0.50, -0.82, -0.27, 50.60, 55.39, 1.32, 52.80, 0.01, 0.48, 0.44, 0.14, 0.63, 0.62, 0.39, 0.39, 0.38, 0.40, 0.56, 0.51, 0.98, 6.40, -54.89, 1.00, 0.92, 0.02176, 0.50541
315604, 3, 0.50, 0.50, -0.77, -0.15, 50.65, 55.40, 1.32, 52.80, 0.01, 0.48, 0.46, 0.12, 0.63, 0.65, 0.23, 0.39, 0.39, 0.39, 0.56, 0.54, 1.00, 6.59, -54.90, 1.00, 0.92, 0.02177, 0.50368
315618, 3, 0.50, 0.50, -0.86, 0.24, 50.80, 55.42, 1.32, 52.80, 0.01, 0.48, 0.48, 0.18, 0.63, 0.59, 0.51, 0.39, 0.42, 0.23, 0.56, 0.52, 1.00, 6.70, -54.92, 1.00, 0.92, 0.02178, 0.50130
315631, 3, 0.50, 0.50, -0.61, 0.49, 50.88, 55.42, 1.32, 52.80, 0.01, 0.48, 0.46, 0.07, 0.63, 0.63, 0.42, 0.39, 0.38, 0.30, 0.56, 0.56, 0.96, 6.65, -54.92, 1.00, 0.92, 0.02178, 0.49789
315644, 3, 0.50, 0.50, -0.82, 0.66, 51.20, 55.43, 1.32, 52.80, 0.01, 0.48, 0.49, 0.18, 0.63, 0.63, 0.40, 0.39, 0.42, 0.28, 0.56, 0.59, 0.77, 6.49, -54.93, 1.00, 0.91, 0.02179, 0.49504
315658, 3, 0.50, 0.50, -0.78, 0.67, 51.50, 55.44, 1.32, 52.80, 0.01, 0.48, 0.51, 0.07, 0.63, 0.63, 0.40, 0.39, 0.46, 0.05, 0.56, 0.58, 0.81, 6.42, -54.94, 1.00, 0.91, 0.02179, 0.49418
315685, 3, 0.50, 0.50, -0.70, 0.38, 51.96, 55.45, 1.32, 52.80, 0.01, 0.48, 0.49, 0.07, 0.63, 0.63, 0.39, 0.39, 0.38, 0.16, 0.56, 0.58, 0.68, 6.09, -54.95, 1.00, 0.91, 0.02179, 0.49518
315698, 3, 0.50, 0.50, -0.92, 0.37, 52.47, 55.46, 1.32, 52.80, 0.01, 0.48, 0.51, 0.02, 0.63, 0.68, 0.23, 0.39, 0.44, 0.12, 0.56, 0.55, 0.72, 5.80, -54.96, 1.00, 0.91, 0.02178, 0.49660
315712, 3, 0.50, 0.50, -1.02, 0.28, 52.83, 55.47, 1.32, 52.80, 0.01, 0.48, 0.49, 0.02, 0.63, 0.62, 0.40, 0.39, 0.44, 0.19, 0.56, 0.63, 0.26, 5.34, -54.97, 1.00, 0.92, 0.02178, 0.49837
315724, 3, 0.50, 0.50, -0.97, 0.16, 53.05, 55.49, 1.32, 52.80, 0.01, 0.48, 0.49, 0.02, 0.63, 0.65, 0.28, 0.39, 0.44, 0.23, 0.56, 0.56, 0.47, 4.83, -54.99, 1.00, 0.92, 0.02178, 0.50180
315738, 3, 0.50, 0.50, -1.07, -0.18, 53.27, 55.50, 1.32, 52.80, 0.01, 0.48, 0.54, 0.16, 0.63, 0.63, 0.37, 0.39, 0.41, 0.16, 0.56, 0.58, 0.47, 4.47, -55.00, 1.00, 0.93, 0.02178, 0.50778
315751, 3, 0.50, 0.50, -1.05, -0.11, 53.33, 55.52, 1.32, 52.80, 0.01, 0.48, 0.49, 0.28, 0.63, 0.62, 0.44, 0.39, 0.38, 0.12, 0.56, 0.56, 0.53, 4.24, -55.02, 1.00, 0.93, 0.02178, 0.51503
315764, 3, 0.50, 0.50, -1.07, 0.02, 53.38, 55.53, 1.32, 52.80, 0.01, 0.48, 0.49, 0.18, 0.63, 0.62, 0.60, 0.39, 0.39, 0.07, 0.56, 0.61, 0.25, 4.02, -55.03, 1.00, 0.94, 0.02178, 0.52150
315778, 3, 0.50, 0.50, -1.18, -0.23, 53.34, 55.55, 1.32, 52.80, 0.01, 0.48, 0.48, 0.23, 0.63, 0.62, 0.63, 0.39, 0.39, 0.05, 0.56, 0.58, 0.30, 3.97, -55.05, 1.00, 0.94, 0.02178, 0.52578
315791, 3, 0.50, 0.50, -1.28, -0.37, 53.12, 55.56, 1.32, 52.80, 0.01, 0.48, 0.48, 0.12, 0.63, 0.59, 0.81, 0.39, 0.39, 0.07, 0.56, 0.59, 0.12, 3.92, -55.06, 1.00, 0.95, 0.02179, 0.52793
315804, 3, 0.50, 0.50, -0.99, -0.37, 52.71, 55.58, 1.32, 52.80, 0.01, 0.48, 0.46, 0.05, 0.63, 0.79, 0.37, 0.39, 0.39, 0.02, 0.56, 0.55, 0.33, 3.95, -55.08, 1.00, 0.95, 0.02180, 0.52944
315818, 3, 0.50, 0.50, -1.14, -0.48, 52.46, 55.59, 1.32, 52.80, 0.01, 0.48, 0.46, 0.07, 0.63, 0.55, 0.47, 0.39, 0.39, 0.02, 0.56, 0.62, 0.19, 4.18, -55.09, 1.00, 0.95, 0.02182, 0.53116
315831, 3, 0.50, 0.50, -1.24, -0.74, 52.03, 55.61, 1.32, 52.80, 0.01, 0.48, 0.48, 0.12, 0.63, 0.59, 0.53, 0.39, 0.39, 0.02, 0.56, 0.58, 0.19, 4.59, -55.11, 1.00, 0.96, 0.02183, 0.53174
315844, 3, 0.50, 0.50, -1.12, -0.75, 51.28, 55.63, 1.32, 52.80, 0.01, 0.48, 0.44, 0.02, 0.63, 0.72, 0.18, 0.39, 0.38, 0.11, 0.56, 0.51, 0.28, 4.83, -55.13, 1.00, 0.96, 0.02184, 0.53036
315858, 3, 0.50, 0.50, -0.99, -0.69, 50.66, 55.64, 1.32, 52.80, 0.01, 0.48, 0.45, 0.18, 0.63, 0.58, 0.49, 0.39, 0.37, 0.21, 0.56, 0.52, 0.39, 5.26, -55.14, 1.00, 0.96, 0.02187, 0.52809
315871, 3, 0.50, 0.50, -1.02, -0.66, 50.03, 55.66, 1.32, 52.80, 0.01, 0.48, 0.46, 0.14, 0.63, 0.62, 0.42, 0.39, 0.39, 0.16, 0.56, 0.49, 0.40, 6.01, -55.16, 1.00, 0.96, 0.02189, 0.52552
315884, 3, 0.50, 0.50, -0.94, -0.62, 49.66, 55.67, 1.32, 52.80, 0.01, 0.48, 0.45, 0.26, 0.63, 0.62, 0.37, 0.39, 0.41, 0.11, 0.56, 0.54, 0.58, 6.64, -55.17, 1.00, 0.96, 0.02191, 0.52189
315898, 3, 0.50, 0.50, -0.95, -0.56, 49.41, 55.68, 1.32, 52.80, 0.01, 0.48, 0.45, 0.39, 0.63, 0.61, 0.44, 0.39, 0.39, 0.21, 0.56, 0.52, 0.67, 7.26, -55.18, 1.00, 0.95, 0.02193, 0.51490
315911, 3, 0.50, 0.50, -0.92, -0.41, 49.26, 55.70, 1.32, 52.80, 0.01, 0.48, 0.48, 0.32, 0.63, 0.59, 0.70, 0.39, 0.38, 0.35, 0.56, 0.51, 0.82, 7.64, -55.20, 1.00, 0.95, 0.02195, 0.50478
315924, 3, 0.50, 0.50, -0.90, -0.14, 49.32, 55.71, 1.32, 52.80, 0.01, 0.48, 0.46, 0.25, 0.63, 0.62, 0.56, 0.39, 0.38, 0.35, 0.56, 0.55, 0.74, 7.88, -55.21, 1.00, 0.94, 0.02196, 0.49493
315938, 3, 0.50, 0.50, -0.83, -0.02, 49.41, 55.72, 1.32, 52.80, 0.01, 0.48, 0.48, 0.46, 0.63, 0.61, 0.79, 0.39, 0.42, 0.18, 0.56, 0.55, 0.75, 8.04, -55.22, 1.00, 0.93, 0.02197, 0.48819
315951, 3, 0.50, 0.50, -0.96, 0.23, 49.67, 55.73, 1.32, 52.80, 0.01, 0.48, 0.49, 0.35, 0.63, 0.68, 0.42, 0.39, 0.44, 0.05, 0.56, 0.56, 0.81, 7.98, -55.23, 1.00, 0.93, 0.02197, 0.48468
315964, 3, 0.50, 0.50, -0.98, 0.28, 50.06, 55.74, 1.32, 52.80, 0.01, 0.48, 0.49, 0.21, 0.63, 0.63, 0.54, 0.39, 0.41, 0.12, 0.56, 0.56, 0.79, 7.88, -55.24, 1.00, 0.93, 0.02198, 0.48325
315991, 3, 0.50, 0.50, -0.97, 0.23, 50.67, 55.76, 1.32, 52.80, 0.01, 0.48, 0.49, 0.23, 0.63, 0.65, 0.39, 0.39, 0.42, 0.07, 0.56, 0.58, 0.74, 7.63, -55.26, 1.00, 0.93, 0.02198, 0.48309
315999, 3, 0.50, 0.50, -1.02, 0.22, 51.35, 55.77, 1.32, 52.80, 0.01, 0.48, 0.51, 0.12, 0.63, 0.68, 0.32, 0.39, 0.44, 0.05, 0.56, 0.58, 0.70, 7.24, -55.27, 1.00, 0.93, 0.02197, 0.48346
316008, 3, 0.50, 0.50, -1.02, 0.16, 51.99, 55.78, 1.32, 52.80, 0.01, 0.48, 0.55, 0.07, 0.63, 0.70, 0.19, 0.39, 0.44, 0.09, 0.56, 0.65, 0.40, 6.63, -55.28, 1.00, 0.93, 0.02197, 0.48477
316023, 3, 0.50, 0.50, -1.12, 0.02, 52.75, 55.80, 1.32, 52.80, 0.01, 0.48, 0.52, 0.12, 0.63, 0.68, 0.14, 0.39, 0.39, 0.11, 0.56, 0.56, 0.28, 5.95, -55.30, 1.00, 0.93, 0.02196, 0.48817
316032, 3, 0.50, 0.50, -1.22, -0.11, 53.46, 55.81, 1.32, 52.80, 0.01, 0.48, 0.48, 0.12, 0.63, 0.59, 0.60, 0.39, 0.41, 0.04, 0.56, 0.56, 0.46, 5.31, -55.31, 1.00, 0.94, 0.02195, 0.49412
316044, 3, 0.50, 0.50, -1.20, -0.10, 53.75, 55.83, 1.32, 52.80, 0.01, 0.48, 0.51, 0.05, 0.63, 0.69, 0.19, 0.39, 0.41, 0.12, 0.56, 0.58, 0.33, 4.55, -55.33, 1.00, 0.94, 0.02194, 0.50207
316058, 3, 0.50, 0.50, -1.30, -0.04, 53.95, 55.85, 1.32, 52.80, 0.01, 0.48, 0.52, 0.11, 0.63, 0.61, 0.28, 0.39, 0.41, 0.11, 0.56, 0.59, 0.18, 3.83, -55.35, 1.00, 0.95, 0.02194, 0.51180
316071, 3, 0.50, 0.50, -1.24, -0.31, 53.96, 55.86, 1.32, 52.80, 0.01, 0.48, 0.51, 0.23, 0.63, 0.62, 0.47, 0.39, 0.41, 0.09, 0.56, 0.58, 0.33, 3.55, -55.36, 1.00, 0.96, 0.02194, 0.52275
316084, 3, 0.50, 0.50, -1.20, -0.14, 53.73, 55.88, 1.32, 52.80, 0.01, 0.48, 0.46, 0.19, 0.63, 0.61, 0.44, 0.39, 0.39, 0.07, 0.56, 0.62, 0.14, 3.35, -55.38, 1.00, 0.97, 0.02194, 0.53324
316098, 3, 0.50, 0.50, -1.20, -0.38, 53.33, 55.90, 1.32, 52.80, 0.01, 0.48, 0.48, 0.11, 0.63, 0.59, 0.70, 0.39, 0.39, 0.04, 0.56, 0.59, 0.18, 3.33, -55.40, 1.00, 0.98, 0.02195, 0.54106
316111, 3, 0.50, 0.50, -1.11, -0.31, 52.84, 55.91, 1.32, 52.80, 0.01, 0.48, 0.48, 0.09, 0.63, 0.63, 0.53, 0.39, 0.39, 0.04, 0.56, 0.54, 0.25, 3.56, -55.41, 1.00, 0.99, 0.02197, 0.54505
316124, 3, 0.50, 0.50, -1.11, -0.43, 52.13, 55.93, 1.32, 52.80, 0.01, 0.48, 0.49, 0.11, 0.63, 0.62, 0.60, 0.39, 0.39, 0.09, 0.56, 0.61, 0.16, 3.96, -55.43, 1.00, 0.99, 0.02198, 0.54579
316138, 3, 0.50, 0.50, -0.83, -0.47, 51.32, 55.94, 1.32, 52.80, 0.01, 0.48, 0.48, 0.02, 0.63, 0.62, 0.63, 0.39, 0.39, 0.09, 0.56, 0.59, 0.12, 4.46, -55.44, 1.00, 0.99, 0.02201, 0.54463
316151, 3, 0.50, 0.50, -1.07, -0.38, 50.78, 55.95, 1.32, 52.80, 0.01, 0.48, 0.46, 0.14, 0.63, 0.62, 0.61, 0.39, 0.41, 0.05, 0.56, 0.52, 0.28, 5.16, -55.45, 1.00, 0.99, 0.02203, 0.54164
316164, 3, 0.50, 0.50, -0.75, -0.59, 50.17, 55.96, 1.32, 52.80, 0.01, 0.48, 0.45, 0.30, 0.63, 0.61, 0.75, 0.39, 0.42, 0.04, 0.56, 0.52, 0.30, 5.98, -55.46, 1.00, 0.99, 0.02205, 0.53559
316178, 3, 0.50, 0.50, -1.12, -0.08, 49.90, 55.98, 1.32, 52.80, 0.01, 0.48, 0.49, 0.19, 0.63, 0.63, 0.63, 0.39, 0.37, 0.30, 0.56, 0.52, 0.42, 6.51, -55.48, 1.00, 0.99, 0.02207, 0.52688
316191, 3, 0.50, 0.50, -1.25, 0.05, 49.44, 56.00, 1.32, 52.80, 0.01, 0.48, 0.48, 0.09, 0.63, 0.63, 0.63, 0.39, 0.39, 0.18, 0.56, 0.54, 0.49, 7.12, -55.50, 1.00, 0.98, 0.02209, 0.51624
316204, 3, 0.50, 0.50, -1.16, 0.45, 49.25, 56.01, 1.32, 52.80, 0.01, 0.48, 0.46, 0.30, 0.63, 0.61, 0.81, 0.39, 0.44, 0.09, 0.56, 0.55, 0.44, 7.39, -55.51, 1.00, 0.97, 0.02211, 0.50675
316218, 3, 0.50, 0.50, -1.27, 0.36, 49.14, 56.03, 1.32, 52.80, 0.01, 0.48, 0.48, 0.30, 0.63, 0.61, 0.95, 0.39, 0.44, 0.04, 0.56, 0.55, 0.60, 7.86, -55.53, 1.00, 0.97, 0.02212, 0.50005
316231, 3, 0.50, 0.50, -1.02, 0.40, 49.11, 56.04, 1.32, 52.80, 0.01, 0.48, 0.48, 0.14, 0.63, 0.62, 0.89, 0.39, 0.41, 0.09, 0.56, 0.58, 0.46, 8.04, -55.54, 1.00, 0.96, 0.02213, 0.49566
316244, 3, 0.50, 0.50, -1.13, 0.21, 49.48, 56.05, 1.32, 52.80, 0.01, 0.48, 0.49, 0.23, 0.63, 0.68, 0.63, 0.39, 0.42, 0.16, 0.56, 0.56, 0.49, 8.15, -55.55, 1.00, 0.96, 0.02214, 0.49197
316258, 3, 0.50, 0.50, -1.11, 0.18, 49.80, 56.07, 1.32, 52.80, 0.01, 0.48, 0.49, 0.09, 0.63, 0.62, 0.65, 0.39, 0.44, 0.21, 0.56, 0.56, 0.47, 8.19, -55.57, 1.00, 0.96, 0.02215, 0.48796
316286, 3, 0.50, 0.50, -0.99, 0.00, 50.21, 56.08, 1.32, 52.80, 0.01, 0.48, 0.49, 0.09, 0.63, 0.63, 0.79, 0.39, 0.38, 0.21, 0.56, 0.58, 0.53, 7.82, -55.58, 1.00, 0.95, 0.02215, 0.48487
316298, 3, 0.50, 0.50, -0.95, 0.21, 50.66, 56.09, 1.32, 52.80, 0.01, 0.48, 0.51, 0.09, 0.63, 0.65, 0.81, 0.39, 0.39, 0.18, 0.56, 0.62, 0.16, 7.50, -55.59, 1.00, 0.95, 0.02215, 0.48418
316311, 3, 0.50, 0.50, -1.03, 0.12, 51.05, 56.11, 1.32, 52.80, 0.01, 0.48, 0.48, 0.09, 0.63, 0.63, 0.68, 0.39, 0.41, 0.23, 0.56, 0.55, 0.35, 7.09, -55.61, 1.00, 0.96, 0.02215, 0.48689
316326, 3, 0.50, 0.50, -0.99, -0.01, 51.25, 56.12, 1.32, 52.80, 0.01, 0.48, 0.51, 0.02, 0.63, 0.63, 0.89, 0.39, 0.39, 0.21, 0.56, 0.63, 0.09, 6.64, -55.62, 1.00, 0.96, 0.02215, 0.49217
316338, 3, 0.50, 0.50, -0.95, 0.11, 51.52, 56.13, 1.32, 52.80, 0.01, 0.48, 0.51, 0.16, 0.63, 0.65, 0.65, 0.39, 0.37, 0.11, 0.56, 0.58, 0.32, 6.24, -55.63, 1.00, 0.97, 0.02215, 0.49914
316366, 3, 0.50, 0.50, -0.92, -0.00, 51.54, 56.14, 1.32, 52.80, 0.01, 0.48, 0.46, 0.16, 0.63, 0.65, 0.79, 0.39, 0.39, 0.05, 0.56, 0.55, 0.26, 6.04, -55.64, 1.00, 0.98, 0.02215, 0.50597
316378, 3, 0.50, 0.50, -0.82, -0.05, 51.49, 56.16, 1.32, 52.80, 0.01, 0.48, 0.48, 0.07, 0.63, 0.69, 0.47, 0.39, 0.38, 0.04, 0.56, 0.56, 0.18, 5.77, -55.66, 1.00, 0.98, 0.02216, 0.51207
316391, 3, 0.50, 0.50, -0.96, 0.05, 51.57, 56.17, 1.32, 52.80, 0.01, 0.48, 0.49, 0.11, 0.63, 0.65, 0.58, 0.39, 0.38, 0.04, 0.56, 0.58, 0.12, 5.76, -55.67, 1.00, 0.99, 0.02216, 0.51699
316467, 3, 0.50, 0.50, -0.84, 0.16, 51.61, 56.18, 1.32, 52.80, 0.01, 0.48, 0.49, 0.11, 0.63, 0.65, 0.68, 0.39, 0.39, 0.12, 0.56, 0.55, 0.65, 5.81, -55.68, 1.00, 0.99, 0.02217, 0.51951
316475, 3, 0.50, 0.50, -0.91, 0.21, 51.77, 56.19, 1.32, 52.80, 0.01, 0.48, 0.52, 0.07, 0.63, 0.72, 0.32, 0.39, 0.38, 0.11, 0.56, 0.61, 0.46, 5.73, -55.69, 1.00, 0.99, 0.02218, 0.51955
316484, 3, 0.50, 0.50, -1.15, 0.35, 51.97, 56.20, 1.32, 52.80, 0.01, 0.48, 0.51, 0.05, 0.63, 0.69, 0.23, 0.39, 0.45, 0.16, 0.56, 0.61, 0.25, 5.68, -55.70, 1.00, 0.99, 0.02218, 0.51774
316498, 3, 0.50, 0.50, -1.04, 0.07, 52.01, 56.22, 1.32, 52.80, 0.01, 0.48, 0.46, 0.19, 0.63, 0.62, 0.84, 0.39, 0.45, 0.12, 0.56, 0.58, 0.63, 5.52, -55.72, 1.00, 0.99, 0.02218, 0.51571
316511, 3, 0.50, 0.50, -0.58, 0.03, 51.99, 56.23, 1.32, 52.80, 0.01, 0.48, 0.49, 0.07, 0.63, 0.63, 0.46, 0.39, 0.38, 0.28, 0.56, 0.56, 0.39, 5.32, -55.73, 1.00, 0.99, 0.02219, 0.51564
316524, 3, 0.50, 0.50, -0.81, -0.26, 52.25, 56.24, 1.32, 52.80, 0.01, 0.48, 0.48, 0.04, 0.63, 0.65, 0.58, 0.39, 0.42, 0.04, 0.56, 0.58, 0.53, 5.29, -55.74, 1.00, 0.99, 0.02219, 0.51814
316538, 3, 0.50, 0.50, -0.94, 0.02, 52.41, 56.25, 1.32, 52.80, 0.01, 0.48, 0.48, 0.18, 0.63, 0.63, 0.53, 0.39, 0.45, 0.19, 0.56, 0.58, 0.44, 5.31, -55.75, 1.00, 1.00, 0.02220, 0.52059
316551, 3, 0.50, 0.50, -0.89, 0.08, 52.51, 56.26, 1.32, 52.80, 0.01, 0.48, 0.51, 0.11, 0.63, 0.63, 0.65, 0.39, 0.41, 0.19, 0.56, 0.56, 0.54, 5.05, -55.76, 1.00, 1.00, 0.02220, 0.52142
316564, 3, 0.50, 0.50, -0.98, -0.04, 52.76, 56.27, 1.32, 52.80, 0.01, 0.48, 0.48, 0.09, 0.63, 0.69, 0.35, 0.39, 0.41, 0.18, 0.56, 0.61, 0.30, 4.88, -55.77, 1.00, 1.00, 0.02220, 0.52136
316578, 3, 0.50, 0.50, -0.57, -0.08, 52.98, 56.28, 1.32, 52.80, 0.01, 0.48, 0.48, 0.12, 0.63, 0.62, 0.51, 0.39, 0.39, 0.14, 0.56, 0.56, 0.30, 4.79, -55.78, 1.00, 1.00, 0.02220, 0.52183
316591, 3, 0.50, 0.50, -0.81, -0.30, 53.26, 56.29, 1.32, 52.80, 0.01, 0.48, 0.49, 0.05, 0.63, 0.63, 0.53, 0.39, 0.39, 0.18, 0.56, 0.58, 0.21, 4.54, -55.79, 1.00, 1.00, 0.02220, 0.52351
316604, 3, 0.50, 0.50, -0.89, -0.35, 53.29, 56.31, 1.32, 52.80, 0.01, 0.48, 0.48, 0.12, 0.63, 0.63, 0.63, 0.39, 0.41, 0.18, 0.56, 0.56, 0.30, 4.31, -55.81, 1.00, 1.00, 0.02220, 0.52542
316618, 3, 0.50, 0.50, -0.96, -0.32, 53.19, 56.32, 1.32, 52.80, 0.01, 0.48, 0.51, 0.05, 0.63, 0.61, 0.72, 0.39, 0.38, 0.07, 0.56, 0.55, 0.32, 4.03, -55.82, 1.00, 1.01, 0.02221, 0.52789
316631, 3, 0.50, 0.50, -0.92, -0.42, 53.09, 56.33, 1.32, 52.80, 0.01, 0.48, 0.54, 0.09, 0.63, 0.63, 0.70, 0.39, 0.38, 0.04, 0.56, 0.59, 0.16, 4.01, -55.83, 1.00, 1.01, 0.02221, 0.53208
316658, 3, 0.50, 0.50, -0.88, -0.43, 52.99, 56.34, 1.32, 52.80, 0.01, 0.48, 0.46, 0.09, 0.63, 0.62, 0.88, 0.39, 0.38, 0.02, 0.56, 0.58, 0.40, 4.11, -55.84, 1.00, 1.02, 0.02222, 0.53702
316671, 3, 0.50, 0.50, -0.90, -0.46, 52.88, 56.36, 1.32, 52.80, 0.01, 0.48, 0.49, 0.02, 0.63, 0.68, 0.42, 0.39, 0.38, 0.07, 0.56, 0.62, 0.16, 4.21, -55.86, 1.00, 1.02, 0.02223, 0.53968
316684, 3, 0.50, 0.50, -0.88, -0.44, 52.78, 56.37, 1.32, 52.80, 0.01, 0.48, 0.48, 0.14, 0.63, 0.66, 0.51, 0.39, 0.39, 0.05, 0.56, 0.54, 0.30, 4.31, -55.87, 1.00, 1.02, 0.02224, 0.53892
316700, 3, 0.50, 0.50, -0.93, -0.49, 52.56, 56.38, 1.32, 52.80, 0.01, 0.48, 0.48, 0.12, 0.63, 0.66, 0.47, 0.39, 0.41, 0.04, 0.56, 0.55, 0.26, 4.41, -55.88, 1.00, 1.02, 0.02224, 0.53639
316711, 3, 0.50, 0.50, -0.76, -0.51, 52.33, 56.39, 1.32, 52.80, 0.01, 0.48, 0.45, 0.11, 0.63, 0.63, 0.51, 0.39, 0.38, 0.23, 0.56, 0.55, 0.21, 4.52, -55.89, 1.00, 1.02, 0.02226, 0.53449
316724, 3, 0.50, 0.50, -0.84, -0.48, 52.26, 56.41, 1.32, 52.80, 0.01, 0.48, 0.46, 0.11, 0.63, 0.62, 0.39, 0.39, 0.38, 0.21, 0.56, 0.56, 0.12, 4.73, -55.91, 1.00, 1.02, 0.02227, 0.53393
316738, 3, 0.50, 0.50, -1.20, -0.44, 52.11, 56.42, 1.32, 52.80, 0.01, 0.48, 0.45, 0.05, 0.63, 0.63, 0.47, 0.39, 0.42, 0.11, 0.56, 0.48, 0.32, 4.97, -55.92, 1.00, 1.02, 0.02227, 0.53299
316751, 3, 0.50, 0.50, -1.15, -0.45, 51.68, 56.44, 1.32, 52.80, 0.01, 0.48, 0.46, 0.25, 0.63, 0.63, 0.51, 0.39, 0.39, 0.21, 0.56, 0.55, 0.46, 5.04, -55.94, 1.00, 1.02, 0.02228, 0.53099
316764, 3, 0.50, 0.50, -1.05, -0.17, 51.61, 56.45, 1.32, 52.80, 0.01, 0.48, 0.46, 0.21, 0.63, 0.63, 0.46, 0.39, 0.38, 0.26, 0.56, 0.52, 0.42, 5.19, -55.95, 1.00, 1.02, 0.02230, 0.52938
316778, 3, 0.50, 0.50, -1.14, -0.23, 51.63, 56.47, 1.32, 52.80, 0.01, 0.48, 0.46, 0.32, 0.63, 0.61, 0.65, 0.39, 0.38, 0.33, 0.56, 0.54, 0.56, 5.61, -55.97, 1.00, 1.02, 0.02231, 0.52814
316791, 3, 0.50, 0.50, -0.96, -0.08, 51.57, 56.48, 1.32, 52.80, 0.01, 0.48, 0.46, 0.26, 0.63, 0.62, 0.63, 0.39, 0.39, 0.26, 0.56, 0.54, 0.56, 5.69, -55.98, 1.00, 1.02, 0.02232, 0.52590
316804, 3, 0.50, 0.50, -1.11, 0.04, 51.62, 56.49, 1.32, 52.80, 0.01, 0.48, 0.48, 0.35, 0.63, 0.66, 0.47, 0.39, 0.41, 0.23, 0.56, 0.55, 0.68, 5.66, -55.99, 1.00, 1.02, 0.02232, 0.52222
316818, 3, 0.50, 0.50, -0.94, 0.18, 51.69, 56.51, 1.32, 52.80, 0.01, 0.48, 0.49, 0.21, 0.63, 0.62, 0.60, 0.39, 0.42, 0.09, 0.56, 0.55, 0.70, 5.73, -56.01, 1.00, 1.01, 0.02233, 0.51871
316831, 3, 0.50, 0.50, -0.91, 0.24, 51.78, 56.52, 1.32, 52.80, 0.01, 0.48, 0.48, 0.23, 0.63, 0.63, 0.56, 0.39, 0.44, 0.05, 0.56, 0.56, 0.67, 5.67, -56.02, 1.00, 1.01, 0.02234, 0.51752
316844, 3, 0.50, 0.50, -0.96, 0.25, 52.02, 56.53, 1.32, 52.80, 0.01, 0.48, 0.51, 0.19, 0.63, 0.65, 0.51, 0.39, 0.41, 0.04, 0.56, 0.62, 0.42, 5.61, -56.03, 1.00, 1.01, 0.02234, 0.51835
316858, 3, 0.50, 0.50, -0.96, 0.29, 52.34, 56.54, 1.32, 52.80, 0.01, 0.48, 0.49, 0.18, 0.63, 0.65, 0.47, 0.39, 0.41, 0.02, 0.56, 0.56, 0.39, 5.52, -56.04, 1.00, 1.02, 0.02234, 0.51891
316871, 3, 0.50, 0.50, -1.05, 0.08, 52.56, 56.56, 1.32, 52.80, 0.01, 0.48, 0.49, 0.18, 0.63, 0.66, 0.46, 0.39, 0.44, 0.12, 0.56, 0.62, 0.18, 5.27, -56.06, 1.00, 1.01, 0.02234, 0.51859
316884, 3, 0.50, 0.50, -1.02, 0.12, 52.79, 56.57, 1.32, 52.80, 0.01, 0.48, 0.51, 0.18, 0.63, 0.66, 0.23, 0.39, 0.42, 0.18, 0.56, 0.54, 0.40, 4.95, -56.07, 1.00, 1.02, 0.02234, 0.51925
316898, 3, 0.50, 0.50, -1.07, -0.18, 53.05, 56.58, 1.32, 52.80, 0.01, 0.48, 0.49, 0.14, 0.63, 0.63, 0.49, 0.39, 0.38, 0.07, 0.56, 0.61, 0.11, 4.73, -56.08, 1.00, 1.02, 0.02234, 0.52177
316911, 3, 0.50, 0.50, -1.05, -0.31, 53.19, 56.60, 1.32, 52.80, 0.01, 0.48, 0.51, 0.02, 0.63, 0.65, 0.35, 0.39, 0.39, 0.02, 0.56, 0.56, 0.30, 4.51, -56.10, 1.00, 1.02, 0.02234, 0.52562
316924, 3, 0.50, 0.50, -1.08, -0.36, 53.31, 56.61, 1.32, 52.80, 0.01, 0.48, 0.48, 0.11, 0.63, 0.62, 0.47, 0.39, 0.39, 0.09, 0.56, 0.58, 0.07, 4.25, -56.11, 1.00, 1.03, 0.02234, 0.52984
316938, 3, 0.50, 0.50, -1.07, -0.45, 53.36, 56.63, 1.32, 52.80, 0.01, 0.48, 0.51, 0.14, 0.63, 0.62, 0.61, 0.39, 0.37, 0.11, 0.56, 0.58, 0.12, 4.11, -56.13, 1.00, 1.03, 0.02235, 0.53343
316966, 3, 0.50, 0.50, -0.94, -0.58, 53.21, 56.64, 1.32, 52.80, 0.01, 0.48, 0.46, 0.21, 0.63, 0.62, 0.60, 0.39, 0.39, 0.04, 0.56, 0.54, 0.26, 3.99, -56.14, 1.00, 1.03, 0.02235, 0.53645
316978, 3, 0.50, 0.50, -0.98, -0.55, 53.13, 56.66, 1.32, 52.80, 0.01, 0.48, 0.46, 0.00, 0.63, 0.69, 0.26, 0.39, 0.39, 0.16, 0.56, 0.59, 0.05, 3.93, -56.16, 1.00, 1.04, 0.02236, 0.53958
316991, 3, 0.50, 0.50, -1.00, -0.35, 53.06, 56.67, 1.32, 52.80, 0.01, 0.48, 0.48, 0.07, 0.63, 0.63, 0.40, 0.39, 0.38, 0.18, 0.56, 0.58, 0.14, 4.09, -56.17, 1.00, 1.04, 0.02237, 0.54208
317067, 3, 0.50, 0.50, -1.03, -0.28, 53.01, 56.68, 1.32, 52.80, 0.01, 0.48, 0.46, 0.18, 0.63, 0.63, 0.79, 0.39, 0.39, 0.39, 0.56, 0.54, 0.65, 4.17, -56.18, 1.00, 1.04, 0.02237, 0.54274
317076, 3, 0.50, 0.50, -0.96, 0.15, 52.90, 56.70, 1.32, 52.80, 0.01, 0.48, 0.51, 0.09, 0.63, 0.66, 0.65, 0.39, 0.41, 0.30, 0.56, 0.56, 0.68, 4.23, -56.20, 1.00, 1.04, 0.02238, 0.54136
317084, 3, 0.50, 0.50, -1.06, 0.05, 52.87, 56.71, 1.32, 52.80, 0.01, 0.48, 0.54, 0.07, 0.63, 0.70, 0.46, 0.39, 0.41, 0.32, 0.56, 0.59, 0.60, 4.29, -56.21, 1.00, 1.04, 0.02239, 0.53917
317098, 3, 0.50, 0.50, -0.98, 0.06, 52.87, 56.72, 1.32, 52.80, 0.01, 0.48, 0.48, 0.14, 0.63, 0.65, 0.28, 0.39, 0.45, 0.16, 0.56, 0.56, 0.44, 4.39, -56.22, 1.00, 1.04, 0.02239, 0.53739
317111, 3, 0.50, 0.50, -0.89, 0.01, 52.90, 56.74, 1.32, 52.80, 0.01, 0.48, 0.46, 0.26, 0.63, 0.63, 0.54, 0.39, 0.44, 0.04, 0.56, 0.55, 0.72, 4.42, -56.24, 1.00, 1.04, 0.02240, 0.53635
317124, 3, 0.50, 0.50, -0.90, 0.21, 53.05, 56.75, 1.32, 52.80, 0.01, 0.48, 0.49, 0.04, 0.63, 0.63, 0.44, 0.39, 0.39, 0.09, 0.56, 0.55, 0.65, 4.43, -56.25, 1.00, 1.04, 0.02240, 0.53538
317138, 3, 0.50, 0.50, -1.00, -0.07, 53.19, 56.76, 1.32, 52.80, 0.01, 0.48, 0.49, 0.12, 0.63, 0.66, 0.35, 0.39, 0.41, 0.11, 0.56, 0.56, 0.61, 4.40, -56.26, 1.00, 1.04, 0.02241, 0.53401
317151, 3, 0.50, 0.50, -0.98, 0.09, 53.23, 56.77, 1.32, 52.80, 0.01, 0.48, 0.46, 0.11, 0.63, 0.63, 0.42, 0.39, 0.42, 0.04, 0.56, 0.56, 0.67, 4.25, -56.27, 1.00, 1.04, 0.02241, 0.53310
317164, 3, 0.50, 0.50, -1.01, 0.26, 53.33, 56.79, 1.32, 52.80, 0.01, 0.48, 0.52, 0.21, 0.63, 0.63, 0.46, 0.39, 0.39, 0.04, 0.56, 0.56, 0.74, 4.11, -56.29, 1.00, 1.04, 0.02241, 0.53367
317178, 3, 0.50, 0.50, -1.01, 0.10, 53.46, 56.80, 1.32, 52.80, 0.01, 0.48, 0.52, 0.18, 0.63, 0.70, 0.25, 0.39, 0.42, 0.05, 0.56, 0.58, 0.65, 4.07, -56.30, 1.00, 1.04, 0.02242, 0.53559
317191, 3, 0.50, 0.50, -0.99, 0.08, 53.59, 56.81, 1.32, 52.80, 0.01, 0.48, 0.45, 0.18, 0.63, 0.61, 0.49, 0.39, 0.41, 0.09, 0.56, 0.56, 0.70, 3.97, -56.31, 1.00, 1.04, 0.02242, 0.53770
317204, 3, 0.50, 0.50, -0.95, -0.04, 53.59, 56.82, 1.32, 52.80, 0.01, 0.48, 0.49, 0.04, 0.63, 0.66, 0.37, 0.39, 0.39, 0.07, 0.56, 0.56, 0.77, 3.83, -56.32, 1.00, 1.05, 0.02242, 0.53907
317218, 3, 0.50, 0.50, -0.98, 0.03, 53.66, 56.84, 1.32, 52.80, 0.01, 0.48, 0.52, 0.18, 0.63, 0.63, 0.26, 0.39, 0.38, 0.02, 0.56, 0.61, 0.44, 3.71, -56.34, 1.00, 1.05, 0.02242, 0.54016
317231, 3, 0.50, 0.50, -0.97, -0.16, 53.72, 56.85, 1.32, 52.80, 0.01, 0.48, 0.51, 0.30, 0.63, 0.62, 0.42, 0.39, 0.41, 0.05, 0.56, 0.59, 0.37, 3.71, -56.35, 1.00, 1.05, 0.02243, 0.54162
317244, 3, 0.50, 0.50, -0.93, -0.29, 53.70, 56.86, 1.32, 52.80, 0.01, 0.48, 0.49, 0.26, 0.63, 0.66, 0.30, 0.39, 0.44, 0.11, 0.56, 0.62, 0.32, 3.63, -56.36, 1.00, 1.05, 0.02243, 0.54330
317258, 3, 0.50, 0.50, -1.17, -0.28, 53.68, 56.88, 1.32, 52.80, 0.01, 0.48, 0.51, 0.28, 0.63, 0.65, 0.33, 0.39, 0.38, 0.14, 0.56, 0.55, 0.40, 3.58, -56.38, 1.00, 1.05, 0.02243, 0.54448
317271, 3, 0.50, 0.50, -0.69, -0.66, 53.47, 56.89, 1.32, 52.80, 0.01, 0.48, 0.48, 0.25, 0.63, 0.63, 0.35, 0.39, 0.38, 0.16, 0.56, 0.59, 0.25, 3.59, -56.39, 1.00, 1.06, 0.02244, 0.54519
317284, 3, 0.50, 0.50, -1.22, -0.86, 53.48, 56.91, 1.32, 52.80, 0.01, 0.48, 0.48, 0.26, 0.63, 0.68, 0.12, 0.39, 0.39, 0.09, 0.56, 0.59, 0.14, 3.62, -56.41, 1.00, 1.06, 0.02245, 0.54638
317298, 3, 0.50, 0.50, -1.49, -1.00, 53.30, 56.93, 1.32, 52.80, 0.01, 0.48, 0.44, 0.26, 0.63, 0.61, 0.47, 0.39, 0.41, 0.05, 0.56, 0.54, 0.37, 3.82, -56.43, 1.00, 1.06, 0.02245, 0.54717
317324, 3, 0.50, 0.50, -1.26, -0.59, 52.89, 56.95, 1.32, 52.80, 0.01, 0.48, 0.44, 0.05, 0.63, 0.56, 0.68, 0.39, 0.38, 0.25, 0.56, 0.52, 0.58, 3.81, -56.45, 1.00, 1.06, 0.02246, 0.54702
317333, 3, 0.50, 0.50, -1.13, -0.10, 52.47, 56.96, 1.32, 52.80, 0.01, 0.48, 0.42, 0.12, 0.63, 0.62, 0.65, 0.39, 0.38, 0.21, 0.56, 0.52, 0.70, 3.99, -56.46, 1.00, 1.06, 0.02248, 0.54682
317341, 3, 0.50, 0.50, -1.06, 0.27, 52.03, 56.97, 1.32, 52.80, 0.01, 0.48, 0.44, 0.19, 0.63, 0.62, 0.58, 0.39, 0.41, 0.14, 0.56, 0.55, 0.70, 4.40, -56.47, 1.00, 1.06, 0.02249, 0.54739
317357, 3, 0.50, 0.50, -0.88, 0.37, 51.70, 56.99, 1.32, 52.80, 0.01, 0.48, 0.49, 0.02, 0.63, 0.59, 0.81, 0.39, 0.41, 0.12, 0.56, 0.58, 0.26, 4.82, -56.49, 1.00, 1.07, 0.02251, 0.54748
317365, 3, 0.50, 0.50, -0.88, 0.27, 51.59, 57.00, 1.32, 52.80, 0.01, 0.48, 0.49, 0.00, 0.63, 0.68, 0.56, 0.39, 0.38, 0.23, 0.56, 0.56, 0.37, 5.27, -56.50, 1.00, 1.07, 0.02253, 0.54461
317378, 3, 0.50, 0.50, -1.00, 0.04, 51.57, 57.01, 1.32, 52.80, 0.01, 0.48, 0.45, 0.16, 0.63, 0.61, 0.30, 0.39, 0.42, 0.09, 0.56, 0.56, 0.25, 5.59, -56.51, 1.00, 1.06, 0.02254, 0.53792
317391, 3, 0.50, 0.50, -1.06, 0.17, 51.45, 57.02, 1.32, 52.80, 0.01, 0.48, 0.48, 0.07, 0.63, 0.63, 0.88, 0.39, 0.44, 0.05, 0.56, 0.54, 0.61, 5.70, -56.52, 1.00, 1.05, 0.02254, 0.52976
317404, 3, 0.50, 0.50, -1.09, -0.07, 51.58, 57.04, 1.32, 52.80, 0.01, 0.48, 0.49, 0.07, 0.63, 0.62, 0.58, 0.39, 0.39, 0.16, 0.56, 0.55, 0.60, 5.72, -56.54, 1.00, 1.05, 0.02255, 0.52408
317418, 3, 0.50, 0.50, -1.06, -0.05, 51.72, 57.05, 1.32, 52.80, 0.01, 0.48, 0.48, 0.14, 0.63, 0.62, 0.74, 0.39, 0.39, 0.14, 0.56, 0.56, 0.56, 5.85, -56.55, 1.00, 1.05, 0.02256, 0.52164
317431, 3, 0.50, 0.50, -1.05, 0.06, 51.85, 57.07, 1.32, 52.80, 0.01, 0.48, 0.48, 0.18, 0.63, 0.63, 0.68, 0.39, 0.41, 0.05, 0.56, 0.54, 0.72, 5.72, -56.57, 1.00, 1.05, 0.02256, 0.52127
317444, 3, 0.50, 0.50, -0.95, 0.12, 52.00, 57.08, 1.32, 52.80, 0.01, 0.48, 0.49, 0.12, 0.63, 0.62, 0.72, 0.39, 0.42, 0.11, 0.56, 0.56, 0.46, 5.58, -56.58, 1.00, 1.05, 0.02256, 0.52166
317458, 3, 0.50, 0.50, -0.94, -0.06, 52.31, 57.09, 1.32, 52.80, 0.01, 0.48, 0.49, 0.09, 0.63, 0.65, 0.67, 0.39, 0.42, 0.16, 0.56, 0.56, 0.49, 5.45, -56.59, 1.00, 1.05, 0.02257, 0.52254
317471, 3, 0.50, 0.50, -1.04, 0.05, 52.67, 57.10, 1.32, 52.80, 0.01, 0.48, 0.48, 0.12, 0.63, 0.68, 0.54, 0.39, 0.41, 0.16, 0.56, 0.59, 0.44, 5.29, -56.60, 1.00, 1.05, 0.02257, 0.52391
317484, 3, 0.50, 0.50, -1.04, -0.09, 52.78, 57.12, 1.32, 52.80, 0.01, 0.48, 0.52, 0.04, 0.63, 0.62, 0.63, 0.39, 0.38, 0.16, 0.56, 0.65, 0.25, 4.99, -56.62, 1.00, 1.05, 0.02256, 0.52540
317498, 3, 0.50, 0.50, -0.97, -0.06, 52.77, 57.13, 1.32, 52.80, 0.01, 0.48, 0.49, 0.09, 0.63, 0.63, 0.65, 0.39, 0.41, 0.11, 0.56, 0.58, 0.21, 4.62, -56.63, 1.00, 1.06, 0.02257, 0.52770
317511, 3, 0.50, 0.50, -1.00, -0.27, 52.76, 57.15, 1.32, 52.80, 0.01, 0.48, 0.48, 0.14, 0.63, 0.63, 0.67, 0.39, 0.42, 0.14, 0.56, 0.58, 0.26, 4.51, -56.65, 1.00, 1.06, 0.02257, 0.53206
317524, 3, 0.50, 0.50, -0.96, -0.36, 52.62, 57.16, 1.32, 52.80, 0.01, 0.48, 0.49, 0.18, 0.63, 0.66, 0.56, 0.39, 0.39, 0.12, 0.56, 0.61, 0.18, 4.52, -56.66, 1.00, 1.07, 0.02258, 0.53797
317538, 3, 0.50, 0.50, -0.92, -0.44, 52.48, 57.17, 1.32, 52.80, 0.01, 0.48, 0.49, 0.18, 0.63, 0.66, 0.39, 0.39, 0.38, 0.04, 0.56, 0.55, 0.30, 4.54, -56.67, 1.00, 1.07, 0.02259, 0.54266
317551, 3, 0.50, 0.50, -0.90, -0.45, 52.37, 57.18, 1.32, 52.80, 0.01, 0.48, 0.49, 0.16, 0.63, 0.63, 0.53, 0.39, 0.38, 0.04, 0.56, 0.55, 0.25, 4.68, -56.68, 1.00, 1.08, 0.02260, 0.54410
317564, 3, 0.50, 0.50, -1.03, -0.47, 52.15, 57.20, 1.32, 52.80, 0.01, 0.48, 0.49, 0.16, 0.63, 0.65, 0.39, 0.39, 0.39, 0.05, 0.56, 0.63, 0.21, 4.82, -56.70, 1.00, 1.08, 0.02261, 0.54285
317578, 3, 0.50, 0.50, -1.00, -0.47, 51.73, 57.21, 1.32, 52.80, 0.01, 0.48, 0.45, 0.05, 0.63, 0.61, 0.54, 0.39, 0.38, 0.09, 0.56, 0.58, 0.16, 4.93, -56.71, 1.00, 1.08, 0.02262, 0.54103
317591, 3, 0.50, 0.50, -0.98, -0.42, 51.22, 57.23, 1.32, 52.80, 0.01, 0.48, 0.45, 0.16, 0.63, 0.61, 0.60, 0.39, 0.38, 0.14, 0.56, 0.48, 0.39, 5.15, -56.73, 1.00, 1.08, 0.02263, 0.54027
317683, 3, 0.50, 0.50, -1.20, -0.25, 51.42, 57.24, 1.32, 52.80, 0.01, 0.48, 0.48, 0.21, 0.63, 0.63, 0.93, 0.39, 0.39, 0.18, 0.56, 0.58, 0.47, 5.57, -56.74, 1.00, 1.08, 0.02265, 0.54026
317691, 3, 0.50, 0.50, -1.49, -0.06, 51.60, 57.26, 1.32, 52.80, 0.01, 0.48, 0.51, 0.16, 0.63, 0.70, 0.75, 0.39, 0.39, 0.14, 0.56, 0.63, 0.30, 6.08, -56.76, 1.00, 1.08, 0.02266, 0.53731
317700, 3, 0.50, 0.50, -1.09, 0.01, 51.61, 57.28, 1.32, 52.80, 0.01, 0.48, 0.52, 0.02, 0.63, 0.63, 0.39, 0.39, 0.44, 0.09, 0.56, 0.63, 0.19, 5.88, -56.78, 1.00, 1.07, 0.02266, 0.52999
317714, 3, 0.50, 0.50, -1.07, -0.22, 51.65, 57.29, 1.32, 52.80, 0.01, 0.48, 0.52, 0.18, 0.63, 0.63, 0.74, 0.39, 0.44, 0.05, 0.56, 0.62, 0.40, 5.70, -56.79, 1.00, 1.06, 0.02267, 0.52225
317724, 3, 0.50, 0.50, -0.96, -0.08, 51.64, 57.30, 1.32, 52.80, 0.01, 0.48, 0.52, 0.14, 0.63, 0.69, 0.65, 0.39, 0.41, 0.12, 0.56, 0.62, 0.09, 5.68, -56.80, 1.00, 1.06, 0.02267, 0.51998
317738, 3, 0.50, 0.50, -0.80, -0.28, 51.73, 57.32, 1.32, 52.80, 0.01, 0.48, 0.55, 0.28, 0.63, 0.63, 0.49, 0.39, 0.44, 0.11, 0.56, 0.52, 0.26, 5.65, -56.82, 1.00, 1.07, 0.02268, 0.52399
317751, 3, 0.50, 0.50, -0.93, -0.39, 51.86, 57.33, 1.32, 52.80, 0.01, 0.48, 0.48, 0.19, 0.63, 0.63, 0.65, 0.39, 0.41, 0.21, 0.56, 0.59, 0.23, 5.66, -56.83, 1.00, 1.07, 0.02268, 0.52885
317764, 3, 0.50, 0.50, -0.78, -0.24, 51.86, 57.34, 1.32, 52.80, 0.01, 0.48, 0.46, 0.11, 0.63, 0.62, 0.70, 0.39, 0.41, 0.11, 0.56, 0.58, 0.07, 5.57, -56.84, 1.00, 1.07, 0.02269, 0.53018
317778, 3, 0.50, 0.50, -0.84, -0.40, 51.75, 57.35, 1.32, 52.80, 0.01, 0.48, 0.49, 0.09, 0.63, 0.63, 0.70, 0.39, 0.38, 0.07, 0.56, 0.52, 0.47, 5.44, -56.85, 1.00, 1.08, 0.02269, 0.52952
317791, 3, 0.50, 0.50, -0.71, -0.54, 51.67, 57.36, 1.32, 52.80, 0.01, 0.48, 0.48, 0.21, 0.63, 0.65, 0.70, 0.39, 0.37, 0.11, 0.56, 0.63, 0.12, 5.44, -56.86, 1.00, 1.08, 0.02270, 0.53054
317804, 3, 0.50, 0.50, -0.89, -0.56, 51.68, 57.37, 1.32, 52.80, 0.01, 0.48, 0.48, 0.12, 0.63, 0.62, 0.75, 0.39, 0.38, 0.09, 0.56, 0.54, 0.33, 5.55, -56.87, 1.00, 1.08, 0.02271, 0.53295
317818, 3, 0.50, 0.50, -0.73, -0.48, 51.58, 57.38, 1.32, 52.80, 0.01, 0.48, 0.48, 0.19, 0.63, 0.63, 0.74, 0.39, 0.39, 0.07, 0.56, 0.55, 0.26, 5.62, -56.88, 1.00, 1.08, 0.02272, 0.53435
317831, 3, 0.50, 0.50, -0.86, -0.60, 51.52, 57.40, 1.32, 52.80, 0.01, 0.48, 0.48, 0.16, 0.63, 0.65, 0.65, 0.39, 0.39, 0.14, 0.56, 0.62, 0.12, 5.61, -56.90, 1.00, 1.08, 0.02273, 0.53383
317844, 3, 0.50, 0.50, -0.83, -0.44, 51.52, 57.41, 1.32, 52.80, 0.01, 0.48, 0.51, 0.21, 0.63, 0.65, 0.56, 0.39, 0.39, 0.14, 0.56, 0.58, 0.21, 5.72, -56.91, 1.00, 1.08, 0.02274, 0.53228
317858, 3, 0.50, 0.50, -0.87, -0.52, 51.47, 57.42, 1.32, 52.80, 0.01, 0.48, 0.51, 0.21, 0.63, 0.62, 0.72, 0.39, 0.41, 0.12, 0.56, 0.55, 0.23, 5.77, -56.92, 1.00, 1.08, 0.02274, 0.53111
317871, 3, 0.50, 0.50, -1.02, -0.58, 51.38, 57.44, 1.32, 52.80, 0.01, 0.48, 0.45, 0.04, 0.63, 0.63, 0.68, 0.39, 0.38, 0.25, 0.56, 0.55, 0.18, 5.77, -56.94, 1.00, 1.08, 0.02275, 0.53061
317884, 3, 0.50, 0.50, -0.98, -0.51, 51.22, 57.45, 1.32, 52.80, 0.01, 0.48, 0.44, 0.11, 0.63, 0.63, 0.61, 0.39, 0.38, 0.28, 0.56, 0.52, 0.21, 5.83, -56.95, 1.00, 1.09, 0.02276, 0.53042
317898, 3, 0.50, 0.50, -0.99, -0.35, 51.08, 57.46, 1.32, 52.80, 0.01, 0.48, 0.45, 0.16, 0.63, 0.62, 0.68, 0.39, 0.38, 0.32, 0.56, 0.51, 0.54, 5.91, -56.96, 1.00, 1.09, 0.02277, 0.53077
317911, 3, 0.50, 0.50, -1.00, -0.17, 50.98, 57.48, 1.32, 52.80, 0.01, 0.48, 0.45, 0.19, 0.63, 0.66, 0.47, 0.39, 0.38, 0.40, 0.56, 0.52, 0.65, 6.08, -56.98, 1.00, 1.09, 0.02278, 0.53139
317924, 3, 0.50, 0.50, -0.99, 0.03, 50.98, 57.49, 1.32, 52.80, 0.01, 0.48, 0.46, 0.21, 0.63, 0.65, 0.46, 0.39, 0.39, 0.39, 0.56, 0.54, 0.67, 6.21, -56.99, 1.00, 1.09, 0.02279, 0.53115
317938, 3, 0.50, 0.50, -0.97, 0.14, 50.88, 57.50, 1.32, 52.80, 0.01, 0.48, 0.49, 0.14, 0.63, 0.61, 0.81, 0.39, 0.41, 0.32, 0.56, 0.52, 0.70, 6.31, -57.00, 1.00, 1.09, 0.02280, 0.52923
317951, 3, 0.50, 0.50, -0.96, 0.35, 50.83, 57.51, 1.32, 52.80, 0.01, 0.48, 0.48, 0.11, 0.63, 0.62, 0.72, 0.39, 0.42, 0.23, 0.56, 0.58, 0.54, 6.32, -57.01, 1.00, 1.09, 0.02281, 0.52684
317978, 3, 0.50, 0.50, -0.94, 0.32, 50.80, 57.53, 1.32, 52.80, 0.01, 0.48, 0.49, 0.14, 0.63, 0.63, 0.72, 0.39, 0.41, 0.05, 0.56, 0.55, 0.49, 6.41, -57.03, 1.00, 1.09, 0.02282, 0.52535
317991, 3, 0.50, 0.50, -0.88, 0.25, 50.76, 57.54, 1.32, 52.80, 0.01, 0.48, 0.49, 0.14, 0.63, 0.63, 0.70, 0.39, 0.41, 0.11, 0.56, 0.58, 0.46, 6.46, -57.04, 1.00, 1.09, 0.02283, 0.52503
318004, 3, 0.50, 0.50, -0.91, 0.16, 50.81, 57.55, 1.32, 52.80, 0.01, 0.48, 0.48, 0.18, 0.63, 0.66, 0.70, 0.39, 0.44, 0.05, 0.56, 0.58, 0.42, 6.50, -57.05, 1.00, 1.09, 0.02284, 0.52508
318020, 3, 0.50, 0.50, -0.92, 0.30, 50.87, 57.56, 1.32, 52.80, 0.01, 0.48, 0.48, 0.19, 0.63, 0.63, 0.72, 0.39, 0.41, 0.14, 0.56, 0.58, 0.33, 6.53, -57.06, 1.00, 1.09, 0.02284, 0.52457
318031, 3, 0.50, 0.50, -0.88, 0.03, 50.94, 57.57, 1.32, 52.80, 0.01, 0.48, 0.49, 0.12, 0.63, 0.65, 0.65, 0.39, 0.41, 0.09, 0.56, 0.56, 0.35, 6.48, -57.07, 1.00, 1.09, 0.02285, 0.52366
318044, 3, 0.50, 0.50, -0.99, -0.03, 51.13, 57.59, 1.32, 52.80, 0.01, 0.48, 0.52, 0.07, 0.63, 0.63, 0.72, 0.39, 0.42, 0.11, 0.56, 0.58, 0.16, 6.43, -57.09, 1.00, 1.09, 0.02286, 0.52306
318058, 3, 0.50, 0.50, -1.03, -0.00, 51.23, 57.60, 1.32, 52.80, 0.01, 0.48, 0.48, 0.16, 0.63, 0.65, 0.56, 0.39, 0.44, 0.26, 0.56, 0.56, 0.30, 6.35, -57.10, 1.00, 1.09, 0.02286, 0.52293
318071, 3, 0.50, 0.50, -0.99, -0.10, 51.22, 57.61, 1.32, 52.80, 0.01, 0.48, 0.51, 0.02, 0.63, 0.63, 0.72, 0.39, 0.41, 0.25, 0.56, 0.72, 0.28, 6.16, -57.11, 1.00, 1.09, 0.02286, 0.52351
318084, 3, 0.50, 0.50, -1.16, -0.10, 51.34, 57.63, 1.32, 52.80, 0.01, 0.48, 0.51, 0.18, 0.63, 0.63, 0.65, 0.39, 0.38, 0.14, 0.56, 0.52, 0.40, 6.06, -57.13, 1.00, 1.10, 0.02287, 0.52535
318098, 3, 0.50, 0.50, -1.11, -0.42, 51.33, 57.64, 1.32, 52.80, 0.01, 0.48, 0.48, 0.25, 0.63, 0.62, 0.82, 0.39, 0.39, 0.14, 0.56, 0.58, 0.12, 6.07, -57.14, 1.00, 1.10, 0.02288, 0.52785
318111, 3, 0.50, 0.50, -1.04, -0.36, 51.29, 57.66, 1.32, 52.80, 0.01, 0.48, 0.48, 0.21, 0.63, 0.61, 0.89, 0.39, 0.39, 0.05, 0.56, 0.55, 0.25, 5.96, -57.16, 1.00, 1.10, 0.02288, 0.53015
318124, 3, 0.50, 0.50, -0.86, -0.52, 51.23, 57.67, 1.32, 52.80, 0.01, 0.48, 0.48, 0.21, 0.63, 0.66, 0.54, 0.39, 0.37, 0.11, 0.56, 0.56, 0.12, 5.97, -57.17, 1.00, 1.11, 0.02289, 0.53169
318138, 3, 0.50, 0.50, -1.12, -0.48, 51.28, 57.69, 1.32, 52.80, 0.01, 0.48, 0.48, 0.28, 0.63, 0.63, 0.77, 0.39, 0.37, 0.07, 0.56, 0.55, 0.21, 6.01, -57.19, 1.00, 1.11, 0.02290, 0.53249
318151, 3, 0.50, 0.50, -1.15, -0.62, 51.16, 57.70, 1.32, 52.80, 0.01, 0.48, 0.46, 0.16, 0.63, 0.66, 0.67, 0.39, 0.37, 0.16, 0.56, 0.55, 0.23, 6.06, -57.20, 1.00, 1.11, 0.02291, 0.53260
318164, 3, 0.50, 0.50, -1.20, -0.60, 51.00, 57.72, 1.32, 52.80, 0.01, 0.48, 0.46, 0.05, 0.63, 0.62, 0.75, 0.39, 0.38, 0.19, 0.56, 0.54, 0.19, 6.01, -57.22, 1.00, 1.11, 0.02292, 0.53247
318178, 3, 0.50, 0.50, -1.13, -0.72, 50.72, 57.74, 1.32, 52.80, 0.01, 0.48, 0.48, 0.07, 0.63, 0.62, 0.82, 0.39, 0.39, 0.18, 0.56, 0.48, 0.19, 6.13, -57.24, 1.00, 1.11, 0.02293, 0.53258
318191, 3, 0.50, 0.50, -1.03, -0.54, 50.49, 57.75, 1.32, 52.80, 0.01, 0.48, 0.48, 0.09, 0.63, 0.63, 0.70, 0.39, 0.38, 0.21, 0.56, 0.55, 0.16, 6.29, -57.25, 1.00, 1.11, 0.02294, 0.53352
318204, 3, 0.50, 0.50, -0.75, -0.39, 50.29, 57.76, 1.32, 52.80, 0.01, 0.48, 0.48, 0.14, 0.63, 0.61, 0.84, 0.39, 0.37, 0.44, 0.56, 0.48, 0.25, 6.58, -57.26, 1.00, 1.12, 0.02296, 0.53433
318218, 3, 0.50, 0.50, -1.14, -0.36, 50.28, 57.78, 1.32, 52.80, 0.01, 0.48, 0.48, 0.19, 0.63, 0.61, 1.00, 0.39, 0.37, 0.49, 0.56, 0.55, 0.39, 6.80, -57.28, 1.00, 1.12, 0.02297, 0.53311
318293, 3, 0.50, 0.50, -1.16, -0.15, 50.54, 57.79, 1.32, 52.80, 0.01, 0.48, 0.51, 0.18, 0.63, 0.65, 0.63, 0.39, 0.42, 0.35, 0.56, 0.58, 0.68, 7.01, -57.29, 1.00, 1.12, 0.02298, 0.52912
318302, 3, 0.50, 0.50, -1.02, -0.07, 50.90, 57.81, 1.32, 52.80, 0.01, 0.48, 0.51, 0.14, 0.63, 0.63, 0.61, 0.39, 0.42, 0.28, 0.56, 0.56, 0.61, 7.02, -57.31, 1.00, 1.11, 0.02298, 0.52315
318311, 3, 0.50, 0.50, -0.91, -0.02, 51.27, 57.82, 1.32, 52.80, 0.01, 0.48, 0.51, 0.11, 0.63, 0.66, 0.60, 0.39, 0.46, 0.11, 0.56, 0.59, 0.51, 6.76, -57.32, 1.00, 1.10, 0.02298, 0.51747
318339, 3, 0.50, 0.50, -1.17, -0.09, 51.79, 57.83, 1.32, 52.80, 0.01, 0.48, 0.49, 0.12, 0.63, 0.65, 0.56, 0.39, 0.39, 0.23, 0.56, 0.59, 0.30, 6.40, -57.33, 1.00, 1.10, 0.02298, 0.51466
318351, 3, 0.50, 0.50, -0.91, -0.15, 52.12, 57.85, 1.32, 52.80, 0.01, 0.48, 0.48, 0.09, 0.63, 0.73, 0.14, 0.39, 0.41, 0.21, 0.56, 0.58, 0.33, 6.03, -57.35, 1.00, 1.10, 0.02298, 0.51596
318364, 3, 0.50, 0.50, -1.09, -0.21, 52.39, 57.86, 1.32, 52.80, 0.01, 0.48, 0.52, 0.07, 0.63, 0.62, 0.40, 0.39, 0.45, 0.09, 0.56, 0.63, 0.09, 5.51, -57.36, 1.00, 1.11, 0.02298, 0.52111
318379, 3, 0.50, 0.50, -0.88, -0.31, 52.39, 57.87, 1.32, 52.80, 0.01, 0.48, 0.51, 0.26, 0.63, 0.63, 0.32, 0.39, 0.42, 0.07, 0.56, 0.58, 0.42, 5.18, -57.37, 1.00, 1.11, 0.02298, 0.52852
318391, 3, 0.50, 0.50, -1.00, -0.59, 52.30, 57.89, 1.32, 52.80, 0.01, 0.48, 0.51, 0.18, 0.63, 0.70, 0.12, 0.39, 0.41, 0.02, 0.56, 0.58, 0.16, 4.91, -57.39, 1.00, 1.12, 0.02298, 0.53686
318404, 3, 0.50, 0.50, -0.91, -0.77, 52.01, 57.90, 1.32, 52.80, 0.01, 0.48, 0.48, 0.25, 0.63, 0.58, 0.37, 0.39, 0.41, 0.05, 0.56, 0.56, 0.16, 4.91, -57.40, 1.00, 1.13, 0.02299, 0.54469
318418, 3, 0.50, 0.50, -1.01, -1.01, 51.62, 57.92, 1.32, 52.80, 0.01, 0.48, 0.46, 0.19, 0.63, 0.63, 0.21, 0.39, 0.41, 0.04, 0.56, 0.58, 0.18, 5.00, -57.42, 1.00, 1.14, 0.02300, 0.55056
318431, 3, 0.50, 0.50, -1.07, -1.00, 50.98, 57.93, 1.32, 52.80, 0.01, 0.48, 0.48, 0.11, 0.63, 0.66, 0.12, 0.39, 0.39, 0.05, 0.56, 0.55, 0.30, 5.28, -57.43, 1.00, 1.15, 0.02302, 0.55337
318444, 3, 0.50, 0.50, -1.10, -0.98, 50.30, 57.95, 1.32, 52.80, 0.01, 0.48, 0.45, 0.05, 0.63, 0.59, 0.46, 0.39, 0.39, 0.05, 0.56, 0.54, 0.21, 5.67, -57.45, 1.00, 1.15, 0.02304, 0.55373
318458, 3, 0.50, 0.50, -0.97, -0.94, 49.44, 57.96, 1.32, 52.80, 0.01, 0.48, 0.41, 0.37, 0.63, 0.59, 0.46, 0.39, 0.38, 0.16, 0.56, 0.52, 0.21, 6.31, -57.46, 1.00, 1.15, 0.02306, 0.55227
318471, 3, 0.50, 0.50, -0.89, -0.89, 48.65, 57.98, 1.32, 52.80, 0.01, 0.48, 0.48, 0.21, 0.63, 0.58, 0.60, 0.39, 0.39, 0.09, 0.56, 0.51, 0.33, 7.00, -57.48, 1.00, 1.15, 0.02309, 0.54902
318484, 3, 0.50, 0.50, -1.02, -0.66, 47.97, 57.99, 1.32, 52.80, 0.01, 0.48, 0.45, 0.12, 0.63, 0.56, 0.82, 0.39, 0.41, 0.05, 0.56, 0.51, 0.53, 7.85, -57.49, 1.00, 1.15, 0.02312, 0.54332
318498, 3, 0.50, 0.50, -0.90, -0.32, 47.33, 58.00, 1.32, 52.80, 0.01, 0.48, 0.46, 0.49, 0.63, 0.59, 0.86, 0.39, 0.37, 0.32, 0.56, 0.52, 0.65, 8.65, -57.50, 1.00, 1.14, 0.02315, 0.53462
318511, 3, 0.50, 0.50, -1.16, 0.03, 47.00, 58.02, 1.32, 52.80, 0.01, 0.48, 0.49, 0.21, 0.63, 0.58, 0.96, 0.39, 0.39, 0.21, 0.56, 0.52, 0.77, 9.33, -57.52, 1.00, 1.14, 0.02317, 0.52385
318524, 3, 0.50, 0.50, -0.72, 0.33, 46.83, 58.03, 1.32, 52.80, 0.01, 0.48, 0.49, 0.30, 0.63, 0.59, 1.07, 0.39, 0.42, 0.09, 0.56, 0.58, 0.47, 9.97, -57.53, 1.00, 1.13, 0.02319, 0.51213
318538, 3, 0.50, 0.50, -0.65, 0.55, 47.18, 58.03, 1.32, 52.80, 0.01, 0.48, 0.49, 0.16, 0.63, 0.66, 0.86, 0.39, 0.41, 0.09, 0.56, 0.56, 0.54, 10.30, -57.53, 1.00, 1.12, 0.02321, 0.50088
318551, 3, 0.50, 0.50, -1.09, 0.44, 47.72, 58.05, 1.32, 52.80, 0.01, 0.48, 0.48, 0.26, 0.63, 0.61, 0.84, 0.39, 0.41, 0.07, 0.56, 0.56, 0.51, 10.47, -57.55, 1.00, 1.11, 0.02321, 0.49038
318564, 3, 0.50, 0.50, -0.88, 0.39, 48.02, 58.06, 1.32, 52.80, 0.01, 0.48, 0.49, 0.23, 0.63, 0.65, 0.89, 0.39, 0.45, 0.09, 0.56, 0.56, 0.58, 10.12, -57.56, 1.00, 1.10, 0.02321, 0.48195
318578, 3, 0.50, 0.50, -0.98, 0.42, 48.56, 58.07, 1.32, 52.80, 0.01, 0.48, 0.49, 0.16, 0.63, 0.70, 0.60, 0.39, 0.45, 0.23, 0.56, 0.58, 0.51, 9.58, -57.57, 1.00, 1.10, 0.02322, 0.47883
318591, 3, 0.50, 0.50, -0.91, 0.26, 49.25, 58.08, 1.32, 52.80, 0.01, 0.48, 0.52, 0.16, 0.63, 0.65, 0.60, 0.39, 0.42, 0.25, 0.56, 0.58, 0.56, 9.28, -57.58, 1.00, 1.10, 0.02321, 0.48238
318604, 3, 0.50, 0.50, -0.84, 0.03, 49.98, 58.09, 1.32, 52.80, 0.01, 0.48, 0.49, 0.18, 0.63, 0.73, 0.23, 0.39, 0.41, 0.26, 0.56, 0.58, 0.56, 8.73, -57.59, 1.00, 1.11, 0.02321, 0.48975
318618, 3, 0.50, 0.50, -0.82, -0.02, 50.81, 58.10, 1.32, 52.80, 0.01, 0.48, 0.48, 0.16, 0.63, 0.61, 0.49, 0.39, 0.42, 0.25, 0.56, 0.58, 0.46, 8.05, -57.60, 1.00, 1.12, 0.02320, 0.49665
318644, 3, 0.50, 0.50, -0.90, -0.24, 51.31, 58.12, 1.32, 52.80, 0.01, 0.48, 0.48, 0.09, 0.63, 0.61, 0.49, 0.39, 0.37, 0.11, 0.56, 0.56, 0.56, 7.32, -57.62, 1.00, 1.12, 0.02319, 0.50193
318658, 3, 0.50, 0.50, -0.93, -0.18, 51.60, 58.13, 1.32, 52.80, 0.01, 0.48, 0.52, 0.09, 0.63, 0.63, 0.49, 0.39, 0.37, 0.02, 0.56, 0.59, 0.32, 6.48, -57.63, 1.00, 1.13, 0.02319, 0.50883
318671, 3, 0.50, 0.50, -0.99, -0.17, 51.92, 58.14, 1.32, 52.80, 0.01, 0.48, 0.51, 0.26, 0.63, 0.63, 0.44, 0.39, 0.38, 0.04, 0.56, 0.58, 0.32, 5.99, -57.64, 1.00, 1.14, 0.02319, 0.51991
318686, 3, 0.50, 0.50, -0.88, -0.22, 51.85, 58.15, 1.32, 52.80, 0.01, 0.48, 0.48, 0.23, 0.63, 0.62, 0.65, 0.39, 0.39, 0.02, 0.56, 0.61, 0.19, 5.69, -57.65, 1.00, 1.15, 0.02319, 0.53240
318698, 3, 0.50, 0.50, -0.97, -0.20, 51.87, 58.17, 1.32, 52.80, 0.01, 0.48, 0.48, 0.16, 0.63, 0.70, 0.16, 0.39, 0.38, 0.09, 0.56, 0.58, 0.32, 5.38, -57.67, 1.00, 1.16, 0.02320, 0.54261
318711, 3, 0.50, 0.50, -0.90, -0.27, 51.81, 58.18, 1.32, 52.80, 0.01, 0.48, 0.52, 0.21, 0.63, 0.65, 0.39, 0.39, 0.38, 0.18, 0.56, 0.55, 0.16, 5.45, -57.68, 1.00, 1.17, 0.02321, 0.54856
318724, 3, 0.50, 0.50, -0.89, -0.28, 51.67, 58.19, 1.32, 52.80, 0.01, 0.48, 0.49, 0.23, 0.63, 0.62, 0.39, 0.39, 0.39, 0.12, 0.56, 0.61, 0.14, 5.42, -57.69, 1.00, 1.17, 0.02321, 0.55060
318738, 3, 0.50, 0.50, -0.81, -0.33, 51.50, 58.20, 1.32, 52.80, 0.01, 0.48, 0.45, 0.05, 0.63, 0.63, 0.37, 0.39, 0.42, 0.05, 0.56, 0.56, 0.25, 5.49, -57.70, 1.00, 1.17, 0.02322, 0.55033
318751, 3, 0.50, 0.50, -0.99, -0.43, 51.35, 58.22, 1.32, 52.80, 0.01, 0.48, 0.44, 0.07, 0.63, 0.59, 0.47, 0.39, 0.41, 0.07, 0.56, 0.49, 0.33, 5.62, -57.72, 1.00, 1.17, 0.02324, 0.54920
318764, 3, 0.50, 0.50, -0.79, -0.33, 51.01, 58.23, 1.32, 52.80, 0.01, 0.48, 0.45, 0.14, 0.63, 0.63, 0.44, 0.39, 0.35, 0.40, 0.56, 0.54, 0.40, 5.80, -57.73, 1.00, 1.17, 0.02325, 0.54766
318778, 3, 0.50, 0.50, -0.93, -0.32, 50.93, 58.24, 1.32, 52.80, 0.01, 0.48, 0.45, 0.21, 0.63, 0.66, 0.28, 0.39, 0.37, 0.37, 0.56, 0.52, 0.49, 5.95, -57.74, 1.00, 1.17, 0.02326, 0.54648
318791, 3, 0.50, 0.50, -0.88, -0.25, 50.82, 58.25, 1.32, 52.80, 0.01, 0.48, 0.46, 0.18, 0.63, 0.56, 0.51, 0.39, 0.39, 0.26, 0.56, 0.51, 0.68, 6.28, -57.75, 1.00, 1.17, 0.02327, 0.54472
318804, 3, 0.50, 0.50, -0.91, -0.10, 50.74, 58.27, 1.32, 52.80, 0.01, 0.48, 0.46, 0.25, 0.63, 0.65, 0.39, 0.39, 0.37, 0.39, 0.56, 0.54, 0.72, 6.37, -57.77, 1.00, 1.17, 0.02328, 0.54162
318818, 3, 0.50, 0.50, -0.95, -0.12, 50.73, 58.28, 1.32, 52.80, 0.01, 0.48, 0.46, 0.25, 0.63, 0.58, 0.56, 0.39, 0.42, 0.35, 0.56, 0.55, 0.65, 6.48, -57.78, 1.00, 1.17, 0.02329, 0.53800
318896, 3, 0.50, 0.50, -1.05, -0.16, 50.82, 58.29, 1.32, 52.80, 0.01, 0.48, 0.48, 0.14, 0.63, 0.62, 0.75, 0.39, 0.41, 0.09, 0.56, 0.59, 0.44, 6.56, -57.79, 1.00, 1.17, 0.02330, 0.53490
318904, 3, 0.50, 0.50, -0.77, -0.08, 50.94, 58.30, 1.32, 52.80, 0.01, 0.48, 0.51, 0.11, 0.63, 0.66, 0.49, 0.39, 0.41, 0.05, 0.56, 0.66, 0.21, 6.56, -57.80, 1.00, 1.17, 0.02331, 0.53292
318913, 3, 0.50, 0.50, -0.94, -0.01, 51.25, 58.32, 1.32, 52.80, 0.01, 0.48, 0.51, 0.04, 0.63, 0.72, 0.26, 0.39, 0.41, 0.04, 0.56, 0.63, 0.07, 6.48, -57.82, 1.00, 1.17, 0.02331, 0.53186
318924, 3, 0.50, 0.50, -1.15, -0.36, 51.41, 58.33, 1.32, 52.80, 0.01, 0.48, 0.49, 0.11, 0.63, 0.62, 0.14, 0.39, 0.44, 0.11, 0.56, 0.59, 0.18, 6.35, -57.83, 1.00, 1.16, 0.02331, 0.53104
318938, 3, 0.50, 0.50, -1.16, -0.28, 51.37, 58.35, 1.32, 52.80, 0.01, 0.48, 0.54, 0.12, 0.63, 0.66, 0.18, 0.39, 0.45, 0.21, 0.56, 0.62, 0.26, 6.05, -57.85, 1.00, 1.17, 0.02331, 0.53131
318951, 3, 0.50, 0.50, -0.92, -0.74, 51.25, 58.36, 1.32, 52.80, 0.01, 0.48, 0.49, 0.19, 0.63, 0.63, 0.47, 0.39, 0.41, 0.09, 0.56, 0.56, 0.26, 5.89, -57.86, 1.00, 1.17, 0.02332, 0.53442
318964, 3, 0.50, 0.50, -0.90, -0.71, 51.12, 58.37, 1.32, 52.80, 0.01, 0.48, 0.48, 0.23, 0.63, 0.61, 0.60, 0.39, 0.39, 0.05, 0.56, 0.62, 0.18, 5.92, -57.87, 1.00, 1.18, 0.02333, 0.53994
318978, 3, 0.50, 0.50, -0.87, -0.79, 50.97, 58.39, 1.32, 52.80, 0.01, 0.48, 0.49, 0.23, 0.63, 0.61, 0.82, 0.39, 0.38, 0.04, 0.56, 0.54, 0.33, 6.05, -57.89, 1.00, 1.18, 0.02334, 0.54513
319006, 3, 0.50, 0.50, -0.88, -0.74, 50.87, 58.40, 1.32, 52.80, 0.01, 0.48, 0.42, 0.11, 0.63, 0.56, 1.04, 0.39, 0.38, 0.12, 0.56, 0.52, 0.25, 6.17, -57.90, 1.00, 1.19, 0.02335, 0.54717
319018, 3, 0.50, 0.50, -0.95, -0.73, 50.60, 58.41, 1.32, 52.80, 0.01, 0.48, 0.46, 0.12, 0.63, 0.66, 0.67, 0.39, 0.38, 0.14, 0.56, 0.54, 0.19, 6.32, -57.91, 1.00, 1.19, 0.02336, 0.54559
319031, 3, 0.50, 0.50, -0.85, -0.53, 50.34, 58.43, 1.32, 52.80, 0.01, 0.48, 0.51, 0.09, 0.63, 0.65, 0.54, 0.39, 0.38, 0.18, 0.56, 0.52, 0.21, 6.43, -57.93, 1.00, 1.19, 0.02338, 0.54298
319045, 3, 0.50, 0.50, -0.78, -0.38, 50.18, 58.44, 1.32, 52.80, 0.01, 0.48, 0.46, 0.11, 0.63, 0.65, 0.61, 0.39, 0.38, 0.26, 0.56, 0.51, 0.51, 6.69, -57.94, 1.00, 1.19, 0.02339, 0.54145
319058, 3, 0.50, 0.50, -0.81, -0.23, 50.02, 58.45, 1.32, 52.80, 0.01, 0.48, 0.45, 0.32, 0.63, 0.59, 0.86, 0.39, 0.38, 0.32, 0.56, 0.49, 0.70, 6.96, -57.95, 1.00, 1.19, 0.02340, 0.54018
319071, 3, 0.50, 0.50, -0.83, -0.05, 49.92, 58.46, 1.32, 52.80, 0.01, 0.48, 0.49, 0.25, 0.63, 0.62, 0.91, 0.39, 0.38, 0.35, 0.56, 0.54, 0.67, 7.12, -57.96, 1.00, 1.19, 0.02342, 0.53777
319084, 3, 0.50, 0.50, -0.83, 0.14, 49.99, 58.47, 1.32, 52.80, 0.01, 0.48, 0.49, 0.11, 0.63, 0.63, 0.82, 0.39, 0.39, 0.39, 0.56, 0.54, 0.68, 7.28, -57.97, 1.00, 1.18, 0.02343, 0.53412
319098, 3, 0.50, 0.50, -0.75, 0.36, 50.08, 58.48, 1.32, 52.80, 0.01, 0.48, 0.46, 0.32, 0.63, 0.66, 0.67, 0.39, 0.39, 0.37, 0.56, 0.55, 0.77, 7.37, -57.98, 1.00, 1.18, 0.02343, 0.53021
319111, 3, 0.50, 0.50, -0.75, 0.41, 50.33, 58.49, 1.32, 52.80, 0.01, 0.48, 0.51, 0.19, 0.63, 0.63, 0.72, 0.39, 0.41, 0.26, 0.56, 0.58, 0.70, 7.30, -57.99, 1.00, 1.18, 0.02344, 0.52717
319124, 3, 0.50, 0.50, -0.75, 0.45, 50.51, 58.50, 1.32, 52.80, 0.01, 0.48, 0.48, 0.11, 0.63, 0.69, 0.46, 0.39, 0.44, 0.07, 0.56, 0.58, 0.67, 7.21, -58.00, 1.00, 1.18, 0.02344, 0.52529
319138, 3, 0.50, 0.50, -0.72, 0.32, 50.81, 58.51, 1.32, 52.80, 0.01, 0.48, 0.48, 0.25, 0.63, 0.63, 0.58, 0.39, 0.44, 0.05, 0.56, 0.58, 0.63, 6.97, -58.01, 1.00, 1.18, 0.02345, 0.52495
319151, 3, 0.50, 0.50, -0.71, 0.42, 51.18, 58.52, 1.32, 52.80, 0.01, 0.48, 0.51, 0.04, 0.63, 0.68, 0.35, 0.39, 0.41, 0.05, 0.56, 0.58, 0.68, 6.78, -58.02, 1.00, 1.18, 0.02345, 0.52630
319164, 3, 0.50, 0.50, -0.73, 0.09, 51.63, 58.52, 1.32, 52.80, 0.01, 0.48, 0.51, 0.05, 0.63, 0.65, 0.58, 0.39, 0.41, 0.04, 0.56, 0.59, 0.54, 6.49, -58.02, 1.00, 1.18, 0.02345, 0.52867
319178, 3, 0.50, 0.50, -0.77, 0.12, 52.13, 58.53, 1.32, 52.80, 0.01, 0.48, 0.51, 0.09, 0.63, 0.69, 0.26, 0.39, 0.44, 0.14, 0.56, 0.59, 0.42, 6.12, -58.03, 1.00, 1.18, 0.02345, 0.53098
319191, 3, 0.50, 0.50, -0.90, 0.02, 52.61, 58.55, 1.32, 52.80, 0.01, 0.48, 0.49, 0.14, 0.63, 0.65, 0.39, 0.39, 0.44, 0.25, 0.56, 0.59, 0.42, 5.66, -58.05, 1.00, 1.19, 0.02344, 0.53333
319204, 3, 0.50, 0.50, -0.85, 0.00, 52.94, 58.56, 1.32, 52.80, 0.01, 0.48, 0.51, 0.12, 0.63, 0.66, 0.25, 0.39, 0.39, 0.16, 0.56, 0.58, 0.40, 5.16, -58.06, 1.00, 1.19, 0.02344, 0.53681
319218, 3, 0.50, 0.50, -0.91, -0.08, 53.30, 58.57, 1.32, 52.80, 0.01, 0.48, 0.48, 0.12, 0.63, 0.62, 0.40, 0.39, 0.38, 0.09, 0.56, 0.58, 0.40, 4.68, -58.07, 1.00, 1.19, 0.02344, 0.54239
319231, 3, 0.50, 0.50, -0.97, -0.38, 53.39, 58.58, 1.32, 52.80, 0.01, 0.48, 0.49, 0.05, 0.63, 0.62, 0.51, 0.39, 0.39, 0.09, 0.56, 0.62, 0.11, 4.35, -58.08, 1.00, 1.20, 0.02343, 0.54951
319244, 3, 0.50, 0.50, -0.97, -0.48, 53.22, 58.60, 1.32, 52.80, 0.01, 0.48, 0.48, 0.14, 0.63, 0.62, 0.61, 0.39, 0.39, 0.09, 0.56, 0.56, 0.33, 4.00, -58.10, 1.00, 1.21, 0.02344, 0.55710
319258, 3, 0.50, 0.50, -0.98, -0.64, 53.04, 58.61, 1.32, 52.80, 0.01, 0.48, 0.48, 0.14, 0.63, 0.61, 0.56, 0.39, 0.39, 0.04, 0.56, 0.59, 0.21, 3.91, -58.11, 1.00, 1.22, 0.02345, 0.56454
319271, 3, 0.50, 0.50, -0.85, -0.60, 52.87, 58.62, 1.32, 52.80, 0.01, 0.48, 0.49, 0.12, 0.63, 0.65, 0.42, 0.39, 0.39, 0.02, 0.56, 0.59, 0.21, 4.07, -58.12, 1.00, 1.22, 0.02345, 0.57053
319284, 3, 0.50, 0.50, -0.82, -0.53, 52.66, 58.64, 1.32, 52.80, 0.01, 0.48, 0.49, 0.09, 0.63, 0.65, 0.51, 0.39, 0.38, 0.04, 0.56, 0.55, 0.18, 4.25, -58.14, 1.00, 1.23, 0.02346, 0.57326
319311, 3, 0.50, 0.50, -0.82, -0.65, 52.06, 58.65, 1.32, 52.80, 0.01, 0.48, 0.46, 0.07, 0.63, 0.56, 0.89, 0.39, 0.38, 0.14, 0.56, 0.54, 0.23, 4.43, -58.15, 1.00, 1.23, 0.02348, 0.57207
319324, 3, 0.50, 0.50, -0.85, -0.39, 51.37, 58.66, 1.32, 52.80, 0.01, 0.48, 0.44, 0.23, 0.63, 0.59, 0.91, 0.39, 0.39, 0.12, 0.56, 0.55, 0.19, 4.64, -58.16, 1.00, 1.23, 0.02350, 0.56969
319338, 3, 0.50, 0.50, -0.80, -0.23, 50.80, 58.67, 1.32, 52.80, 0.01, 0.48, 0.46, 0.19, 0.63, 0.63, 0.68, 0.39, 0.41, 0.09, 0.56, 0.49, 0.49, 5.23, -58.17, 1.00, 1.23, 0.02352, 0.56871
319353, 3, 0.50, 0.50, -0.76, -0.04, 50.47, 58.68, 1.32, 52.80, 0.01, 0.48, 0.48, 0.14, 0.63, 0.65, 0.75, 0.39, 0.39, 0.18, 0.56, 0.55, 0.44, 5.93, -58.18, 1.00, 1.23, 0.02354, 0.56771
319364, 3, 0.50, 0.50, -0.81, -0.09, 50.37, 58.69, 1.32, 52.80, 0.01, 0.48, 0.46, 0.35, 0.63, 0.62, 0.74, 0.39, 0.41, 0.05, 0.56, 0.52, 0.49, 6.50, -58.19, 1.00, 1.23, 0.02356, 0.56225
319378, 3, 0.50, 0.50, -0.78, -0.11, 50.34, 58.70, 1.32, 52.80, 0.01, 0.48, 0.46, 0.39, 0.63, 0.68, 0.54, 0.39, 0.41, 0.05, 0.56, 0.55, 0.61, 6.83, -58.20, 1.00, 1.22, 0.02357, 0.55120
319391, 3, 0.50, 0.50, -0.69, 0.15, 50.48, 58.71, 1.32, 52.80, 0.01, 0.48, 0.46, 0.37, 0.63, 0.62, 0.65, 0.39, 0.39, 0.25, 0.56, 0.55, 0.68, 6.93, -58.21, 1.00, 1.21, 0.02358, 0.53910
319404, 3, 0.50, 0.50, -0.85, 0.16, 50.78, 58.72, 1.32, 52.80, 0.01, 0.48, 0.49, 0.25, 0.63, 0.65, 0.56, 0.39, 0.39, 0.21, 0.56, 0.56, 0.60, 6.95, -58.22, 1.00, 1.20, 0.02358, 0.53105
319418, 3, 0.50, 0.50, -0.81, 0.27, 50.95, 58.73, 1.32, 52.80, 0.01, 0.48, 0.48, 0.33, 0.63, 0.63, 0.75, 0.39, 0.45, 0.07, 0.56, 0.56, 0.58, 6.81, -58.23, 1.00, 1.20, 0.02358, 0.52824
319494, 3, 0.50, 0.50, -0.92, 0.05, 51.46, 58.74, 1.32, 52.80, 0.01, 0.48, 0.49, 0.12, 0.63, 0.66, 0.35, 0.39, 0.41, 0.02, 0.56, 0.59, 0.44, 6.52, -58.24, 1.00, 1.20, 0.02359, 0.52913
319502, 3, 0.50, 0.50, -0.96, 0.03, 51.89, 58.76, 1.32, 52.80, 0.01, 0.48, 0.49, 0.12, 0.63, 0.70, 0.11, 0.39, 0.41, 0.04, 0.56, 0.58, 0.42, 6.35, -58.26, 1.00, 1.20, 0.02358, 0.53134
319515, 3, 0.50, 0.50, -0.87, -0.13, 52.27, 58.77, 1.32, 52.80, 0.01, 0.48, 0.51, 0.04, 0.63, 0.62, 0.35, 0.39, 0.41, 0.09, 0.56, 0.54, 0.51, 5.84, -58.27, 1.00, 1.21, 0.02358, 0.53409
319524, 3, 0.50, 0.50, -0.85, -0.19, 52.54, 58.78, 1.32, 52.80, 0.01, 0.48, 0.52, 0.05, 0.63, 0.70, 0.21, 0.39, 0.39, 0.09, 0.56, 0.61, 0.33, 5.40, -58.28, 1.00, 1.21, 0.02358, 0.53789
319538, 3, 0.50, 0.50, -0.89, -0.15, 52.80, 58.79, 1.32, 52.80, 0.01, 0.48, 0.55, 0.16, 0.63, 0.59, 0.35, 0.39, 0.37, 0.11, 0.56, 0.59, 0.14, 5.03, -58.29, 1.00, 1.21, 0.02358, 0.54361
319551, 3, 0.50, 0.50, -0.95, -0.42, 52.99, 58.81, 1.32, 52.80, 0.01, 0.48, 0.51, 0.19, 0.63, 0.66, 0.28, 0.39, 0.39, 0.09, 0.56, 0.55, 0.37, 4.76, -58.31, 1.00, 1.22, 0.02358, 0.55064
319564, 3, 0.50, 0.50, -0.96, -0.39, 52.78, 58.82, 1.32, 52.80, 0.01, 0.48, 0.49, 0.19, 0.63, 0.68, 0.25, 0.39, 0.39, 0.04, 0.56, 0.62, 0.19, 4.50, -58.32, 1.00, 1.23, 0.02358, 0.55733
319578, 3, 0.50, 0.50, -0.91, -0.62, 52.55, 58.83, 1.32, 52.80, 0.01, 0.48, 0.48, 0.16, 0.63, 0.55, 0.42, 0.39, 0.39, 0.11, 0.56, 0.61, 0.23, 4.30, -58.33, 1.00, 1.24, 0.02359, 0.56323
319591, 3, 0.50, 0.50, -0.81, -0.44, 52.22, 58.84, 1.32, 52.80, 0.01, 0.48, 0.48, 0.07, 0.63, 0.61, 0.32, 0.39, 0.41, 0.09, 0.56, 0.52, 0.30, 4.51, -58.34, 1.00, 1.24, 0.02360, 0.56833
319604, 3, 0.50, 0.50, -0.93, -0.55, 51.77, 58.86, 1.32, 52.80, 0.01, 0.48, 0.46, 0.04, 0.63, 0.68, 0.12, 0.39, 0.38, 0.25, 0.56, 0.54, 0.23, 4.75, -58.36, 1.00, 1.25, 0.02361, 0.57215
319618, 3, 0.50, 0.50, -0.86, -0.60, 51.25, 58.87, 1.32, 52.80, 0.01, 0.48, 0.48, 0.07, 0.63, 0.58, 0.39, 0.39, 0.39, 0.19, 0.56, 0.54, 0.23, 5.07, -58.37, 1.00, 1.25, 0.02363, 0.57292
319631, 3, 0.50, 0.50, -0.83, -0.56, 50.81, 58.88, 1.32, 52.80, 0.01, 0.48, 0.48, 0.14, 0.63, 0.62, 0.32, 0.39, 0.41, 0.19, 0.56, 0.51, 0.37, 5.53, -58.38, 1.00, 1.25, 0.02365, 0.57035
319644, 3, 0.50, 0.50, -0.98, -0.56, 50.57, 58.89, 1.32, 52.80, 0.01, 0.48, 0.48, 0.16, 0.63, 0.61, 0.46, 0.39, 0.37, 0.44, 0.56, 0.51, 0.58, 6.04, -58.39, 1.00, 1.25, 0.02367, 0.56547
319672, 3, 0.50, 0.50, -0.85, -0.41, 50.51, 58.91, 1.32, 52.80, 0.01, 0.48, 0.46, 0.26, 0.63, 0.62, 0.65, 0.39, 0.41, 0.26, 0.56, 0.54, 0.75, 6.48, -58.41, 1.00, 1.24, 0.02368, 0.55879
319684, 3, 0.50, 0.50, -0.87, 0.03, 50.68, 58.92, 1.32, 52.80, 0.01, 0.48, 0.51, 0.21, 0.63, 0.62, 0.74, 0.39, 0.38, 0.47, 0.56, 0.55, 0.77, 6.72, -58.42, 1.00, 1.24, 0.02369, 0.55031
319698, 3, 0.50, 0.50, -1.06, 0.07, 50.83, 58.93, 1.32, 52.80, 0.01, 0.48, 0.54, 0.16, 0.63, 0.62, 0.81, 0.39, 0.42, 0.19, 0.56, 0.58, 0.65, 6.78, -58.43, 1.00, 1.23, 0.02370, 0.54127
319712, 3, 0.50, 0.50, -1.19, 0.19, 51.10, 58.95, 1.32, 52.80, 0.01, 0.48, 0.46, 0.14, 0.63, 0.63, 0.65, 0.39, 0.42, 0.05, 0.56, 0.56, 0.67, 6.62, -58.45, 1.00, 1.22, 0.02370, 0.53504
319724, 3, 0.50, 0.50, -1.09, 0.09, 51.30, 58.96, 1.32, 52.80, 0.01, 0.48, 0.48, 0.23, 0.63, 0.63, 0.72, 0.39, 0.42, 0.14, 0.56, 0.61, 0.56, 6.46, -58.46, 1.00, 1.22, 0.02370, 0.53335
319738, 3, 0.50, 0.50, -0.88, 0.08, 51.56, 58.97, 1.32, 52.80, 0.01, 0.48, 0.55, 0.14, 0.63, 0.66, 0.58, 0.39, 0.41, 0.11, 0.56, 0.58, 0.53, 6.20, -58.47, 1.00, 1.22, 0.02370, 0.53571
319751, 3, 0.50, 0.50, -0.89, 0.13, 51.87, 58.98, 1.32, 52.80, 0.01, 0.48, 0.49, 0.25, 0.63, 0.66, 0.53, 0.39, 0.44, 0.11, 0.56, 0.58, 0.44, 6.00, -58.48, 1.00, 1.23, 0.02371, 0.53992
319764, 3, 0.50, 0.50, -0.80, -0.02, 52.17, 59.00, 1.32, 52.80, 0.01, 0.48, 0.48, 0.12, 0.63, 0.63, 0.58, 0.39, 0.45, 0.21, 0.56, 0.58, 0.37, 5.74, -58.50, 1.00, 1.23, 0.02371, 0.54391
319778, 3, 0.50, 0.50, -0.75, -0.10, 52.42, 59.01, 1.32, 52.80, 0.01, 0.48, 0.49, 0.09, 0.63, 0.65, 0.46, 0.39, 0.41, 0.14, 0.56, 0.59, 0.39, 5.43, -58.51, 1.00, 1.24, 0.02371, 0.54705
319791, 3, 0.50, 0.50, -0.84, -0.18, 52.57, 59.02, 1.32, 52.80, 0.01, 0.48, 0.51, 0.11, 0.63, 0.62, 0.67, 0.39, 0.37, 0.11, 0.56, 0.65, 0.19, 5.12, -58.52, 1.00, 1.24, 0.02371, 0.55013
319804, 3, 0.50, 0.50, -0.65, -0.19, 52.57, 59.03, 1.32, 52.80, 0.01, 0.48, 0.49, 0.18, 0.63, 0.63, 0.65, 0.39, 0.38, 0.02, 0.56, 0.59, 0.19, 4.88, -58.53, 1.00, 1.24, 0.02371, 0.55419
319818, 3, 0.50, 0.50, -0.87, -0.40, 52.67, 59.04, 1.32, 52.80, 0.01, 0.48, 0.51, 0.12, 0.63, 0.65, 0.67, 0.39, 0.39, 0.02, 0.56, 0.56, 0.30, 4.73, -58.54, 1.00, 1.25, 0.02372, 0.55928
319831, 3, 0.50, 0.50, -0.87, -0.49, 52.55, 59.05, 1.32, 52.80, 0.01, 0.48, 0.45, 0.07, 0.63, 0.61, 0.81, 0.39, 0.37, 0.09, 0.56, 0.62, 0.11, 4.73, -58.55, 1.00, 1.26, 0.02372, 0.56381
319844, 3, 0.50, 0.50, -0.89, -0.50, 52.36, 59.06, 1.32, 52.80, 0.01, 0.48, 0.48, 0.12, 0.63, 0.62, 0.84, 0.39, 0.38, 0.11, 0.56, 0.56, 0.32, 4.62, -58.56, 1.00, 1.26, 0.02373, 0.56677
319858, 3, 0.50, 0.50, -0.88, -0.44, 52.16, 59.08, 1.32, 52.80, 0.01, 0.48, 0.48, 0.18, 0.63, 0.65, 0.60, 0.39, 0.39, 0.11, 0.56, 0.55, 0.18, 4.75, -58.58, 1.00, 1.26, 0.02374, 0.56840
319871, 3, 0.50, 0.50, -0.95, -0.36, 52.02, 59.09, 1.32, 52.80, 0.01, 0.48, 0.49, 0.21, 0.63, 0.65, 0.70, 0.39, 0.39, 0.16, 0.56, 0.55, 0.18, 4.94, -58.59, 1.00, 1.26, 0.02375, 0.56913
319884, 3, 0.50, 0.50, -0.97, -0.40, 51.79, 59.10, 1.32, 52.80, 0.01, 0.48, 0.48, 0.21, 0.63, 0.65, 0.53, 0.39, 0.39, 0.16, 0.56, 0.56, 0.14, 5.13, -58.60, 1.00, 1.27, 0.02376, 0.56848
319898, 3, 0.50, 0.50, -0.97, -0.48, 51.47, 59.12, 1.32, 52.80, 0.01, 0.48, 0.44, 0.12, 0.63, 0.62, 0.63, 0.39, 0.42, 0.11, 0.56, 0.51, 0.30, 5.28, -58.62, 1.00, 1.26, 0.02377, 0.56636
319911, 3, 0.50, 0.50, -0.93, -0.38, 51.14, 59.13, 1.32, 52.80, 0.01, 0.48, 0.44, 0.14, 0.63, 0.65, 0.58, 0.39, 0.39, 0.19, 0.56, 0.55, 0.19, 5.51, -58.63, 1.00, 1.26, 0.02378, 0.56387
319924, 3, 0.50, 0.50, -0.99, -0.26, 50.94, 59.14, 1.32, 52.80, 0.01, 0.48, 0.45, 0.14, 0.63, 0.62, 0.65, 0.39, 0.39, 0.09, 0.56, 0.52, 0.46, 5.82, -58.64, 1.00, 1.26, 0.02380, 0.56209
319938, 3, 0.50, 0.50, -0.93, -0.17, 50.73, 59.16, 1.32, 52.80, 0.01, 0.48, 0.49, 0.07, 0.63, 0.65, 0.51, 0.39, 0.39, 0.19, 0.56, 0.51, 0.68, 6.16, -58.66, 1.00, 1.26, 0.02381, 0.56021
319951, 3, 0.50, 0.50, -0.92, -0.16, 50.79, 59.17, 1.32, 52.80, 0.01, 0.48, 0.45, 0.11, 0.63, 0.61, 0.63, 0.39, 0.38, 0.30, 0.56, 0.54, 0.67, 6.36, -58.67, 1.00, 1.26, 0.02382, 0.55671
319977, 3, 0.50, 0.50, -0.95, 0.05, 50.95, 59.18, 1.32, 52.80, 0.01, 0.48, 0.52, 0.04, 0.63, 0.65, 0.53, 0.39, 0.39, 0.23, 0.56, 0.56, 0.77, 6.57, -58.68, 1.00, 1.26, 0.02383, 0.55130
319986, 3, 0.50, 0.50, -0.96, 0.17, 51.13, 59.19, 1.32, 52.80, 0.01, 0.48, 0.45, 0.18, 0.63, 0.63, 0.49, 0.39, 0.41, 0.19, 0.56, 0.55, 0.68, 6.51, -58.69, 1.00, 1.25, 0.02384, 0.54558
319994, 3, 0.50, 0.50, -0.96, 0.16, 51.29, 59.21, 1.32, 52.80, 0.01, 0.48, 0.45, 0.26, 0.63, 0.63, 0.56, 0.39, 0.44, 0.16, 0.56, 0.58, 0.63, 6.34, -58.71, 1.00, 1.25, 0.02384, 0.54179
320070, 3, 0.50, 0.50, -0.96, 0.16, 51.54, 59.22, 1.32, 52.80, 0.01, 0.48, 0.48, 0.04, 0.63, 0.63, 0.47, 0.39, 0.39, 0.09, 0.56, 0.61, 0.44, 6.16, -58.72, 1.00, 1.25, 0.02384, 0.54136
320079, 3, 0.50, 0.50, -1.01, 0.12, 51.78, 59.23, 1.32, 52.80, 0.01, 0.48, 0.52, 0.11, 0.63, 0.65, 0.33, 0.39, 0.41, 0.05, 0.56, 0.61, 0.25, 6.01, -58.73, 1.00, 1.25, 0.02384, 0.54378
320087, 3, 0.50, 0.50, -1.09, 0.14, 52.00, 59.24, 1.32, 52.80, 0.01, 0.48, 0.52, 0.14, 0.63, 0.68, 0.25, 0.39, 0.41, 0.05, 0.56, 0.59, 0.21, 5.76, -58.74, 1.00, 1.26, 0.02385, 0.54730
320099, 3, 0.50, 0.50, -1.08, -0.04, 52.10, 59.26, 1.32, 52.80, 0.01, 0.48, 0.48, 0.16, 0.63, 0.61, 0.35, 0.39, 0.42, 0.04, 0.56, 0.56, 0.46, 5.52, -58.76, 1.00, 1.26, 0.02385, 0.55057
320111, 3, 0.50, 0.50, -1.02, 0.03, 52.24, 59.27, 1.32, 52.80, 0.01, 0.48, 0.48, 0.02, 0.63, 0.68, 0.12, 0.39, 0.41, 0.04, 0.56, 0.59, 0.19, 5.29, -58.77, 1.00, 1.26, 0.02385, 0.55388
320124, 3, 0.50, 0.50, -1.08, -0.27, 52.41, 59.29, 1.32, 52.80, 0.01, 0.48, 0.51, 0.12, 0.63, 0.61, 0.49, 0.39, 0.38, 0.18, 0.56, 0.56, 0.23, 5.20, -58.79, 1.00, 1.27, 0.02386, 0.55761
320138, 3, 0.50, 0.50, -1.03, -0.36, 52.39, 59.30, 1.32, 52.80, 0.01, 0.48, 0.49, 0.18, 0.63, 0.68, 0.04, 0.39, 0.39, 0.09, 0.56, 0.59, 0.19, 5.05, -58.80, 1.00, 1.27, 0.02386, 0.56080
320151, 3, 0.50, 0.50, -0.98, -0.39, 52.26, 59.32, 1.32, 52.80, 0.01, 0.48, 0.48, 0.16, 0.63, 0.63, 0.35, 0.39, 0.41, 0.05, 0.56, 0.58, 0.30, 4.88, -58.82, 1.00, 1.27, 0.02386, 0.56318
320164, 3, 0.50, 0.50, -0.92, -0.47, 52.13, 59.33, 1.32, 52.80, 0.01, 0.48, 0.44, 0.05, 0.63, 0.63, 0.21, 0.39, 0.38, 0.19, 0.56, 0.54, 0.16, 4.90, -58.83, 1.00, 1.28, 0.02387, 0.56562
320178, 3, 0.50, 0.50, -0.92, -0.64, 51.98, 59.34, 1.32, 52.80, 0.01, 0.48, 0.45, 0.05, 0.63, 0.62, 0.33, 0.39, 0.39, 0.14, 0.56, 0.58, 0.18, 5.04, -58.84, 1.00, 1.28, 0.02388, 0.56829
320191, 3, 0.50, 0.50, -0.88, -0.47, 51.60, 59.35, 1.32, 52.80, 0.01, 0.48, 0.46, 0.04, 0.63, 0.61, 0.40, 0.39, 0.39, 0.19, 0.56, 0.51, 0.30, 5.16, -58.85, 1.00, 1.29, 0.02389, 0.56985
320204, 3, 0.50, 0.50, -0.80, -0.36, 51.29, 59.37, 1.32, 52.80, 0.01, 0.48, 0.45, 0.16, 0.63, 0.61, 0.39, 0.39, 0.38, 0.32, 0.56, 0.51, 0.58, 5.31, -58.87, 1.00, 1.29, 0.02391, 0.56985
320218, 3, 0.50, 0.50, -0.84, -0.31, 51.00, 59.38, 1.32, 52.80, 0.01, 0.48, 0.46, 0.19, 0.63, 0.61, 0.42, 0.39, 0.38, 0.40, 0.56, 0.51, 0.74, 5.70, -58.88, 1.00, 1.29, 0.02392, 0.56857
320231, 3, 0.50, 0.50, -0.84, -0.09, 50.73, 59.39, 1.32, 52.80, 0.01, 0.48, 0.45, 0.19, 0.63, 0.58, 0.65, 0.39, 0.39, 0.37, 0.56, 0.49, 0.82, 6.01, -58.89, 1.00, 1.29, 0.02394, 0.56639
320244, 3, 0.50, 0.50, -0.84, 0.09, 50.54, 59.40, 1.32, 52.80, 0.01, 0.48, 0.46, 0.32, 0.63, 0.61, 0.74, 0.39, 0.39, 0.40, 0.56, 0.55, 0.75, 6.30, -58.90, 1.00, 1.29, 0.02395, 0.56282
320258, 3, 0.50, 0.50, -0.89, 0.24, 50.51, 59.41, 1.32, 52.80, 0.01, 0.48, 0.48, 0.32, 0.63, 0.62, 0.70, 0.39, 0.39, 0.39, 0.56, 0.55, 0.79, 6.57, -58.91, 1.00, 1.28, 0.02396, 0.55777
320271, 3, 0.50, 0.50, -0.86, 0.40, 50.60, 59.42, 1.32, 52.80, 0.01, 0.48, 0.49, 0.35, 0.63, 0.63, 0.65, 0.39, 0.42, 0.18, 0.56, 0.56, 0.70, 6.75, -58.92, 1.00, 1.28, 0.02397, 0.55226
320284, 3, 0.50, 0.50, -0.95, 0.57, 50.77, 59.43, 1.32, 52.80, 0.01, 0.48, 0.48, 0.23, 0.63, 0.63, 0.63, 0.39, 0.45, 0.07, 0.56, 0.58, 0.75, 6.78, -58.93, 1.00, 1.28, 0.02398, 0.54739
320298, 3, 0.50, 0.50, -0.97, 0.36, 50.93, 59.44, 1.32, 52.80, 0.01, 0.48, 0.49, 0.23, 0.63, 0.65, 0.67, 0.39, 0.45, 0.09, 0.56, 0.58, 0.65, 6.69, -58.94, 1.00, 1.27, 0.02398, 0.54376
320311, 3, 0.50, 0.50, -0.95, 0.43, 51.37, 59.46, 1.32, 52.80, 0.01, 0.48, 0.51, 0.09, 0.63, 0.66, 0.54, 0.39, 0.39, 0.12, 0.56, 0.58, 0.61, 6.52, -58.96, 1.00, 1.27, 0.02399, 0.54218
320339, 3, 0.50, 0.50, -0.93, 0.19, 51.90, 59.47, 1.32, 52.80, 0.01, 0.48, 0.49, 0.11, 0.63, 0.65, 0.49, 0.39, 0.39, 0.12, 0.56, 0.59, 0.44, 6.37, -58.97, 1.00, 1.27, 0.02398, 0.54245
320351, 3, 0.50, 0.50, -1.00, 0.10, 52.32, 59.48, 1.32, 52.80, 0.01, 0.48, 0.51, 0.04, 0.63, 0.72, 0.11, 0.39, 0.41, 0.07, 0.56, 0.63, 0.05, 5.93, -58.98, 1.00, 1.27, 0.02398, 0.54345
320365, 3, 0.50, 0.50, -1.04, -0.37, 52.53, 59.50, 1.32, 52.80, 0.01, 0.48, 0.54, 0.23, 0.63, 0.59, 0.53, 0.39, 0.42, 0.09, 0.56, 0.61, 0.25, 5.39, -59.00, 1.00, 1.27, 0.02398, 0.54556
320378, 3, 0.50, 0.50, -1.07, -0.68, 52.60, 59.51, 1.32, 52.80, 0.01, 0.48, 0.51, 0.26, 0.63, 0.66, 0.28, 0.39, 0.38, 0.11, 0.56, 0.58, 0.26, 4.97, -59.01, 1.00, 1.28, 0.02398, 0.55088
320391, 3, 0.50, 0.50, -1.07, -0.74, 52.53, 59.53, 1.32, 52.80, 0.01, 0.48, 0.49, 0.28, 0.63, 0.65, 0.33, 0.39, 0.39, 0.04, 0.56, 0.58, 0.25, 4.77, -59.03, 1.00, 1.29, 0.02398, 0.55985
320404, 3, 0.50, 0.50, -1.11, -0.82, 52.34, 59.54, 1.32, 52.80, 0.01, 0.48, 0.48, 0.25, 0.63, 0.59, 0.54, 0.39, 0.41, 0.02, 0.56, 0.58, 0.25, 4.69, -59.04, 1.00, 1.30, 0.02399, 0.56957
320418, 3, 0.50, 0.50, -1.08, -0.97, 52.01, 59.56, 1.32, 52.80, 0.01, 0.48, 0.49, 0.19, 0.63, 0.61, 0.75, 0.39, 0.37, 0.16, 0.56, 0.56, 0.18, 4.77, -59.06, 1.00, 1.31, 0.02400, 0.57625
320431, 3, 0.50, 0.50, -1.11, -0.97, 51.74, 59.57, 1.32, 52.80, 0.01, 0.48, 0.49, 0.25, 0.63, 0.65, 0.33, 0.39, 0.38, 0.09, 0.56, 0.55, 0.25, 4.96, -59.07, 1.00, 1.31, 0.02401, 0.57873
320444, 3, 0.50, 0.50, -1.04, -0.91, 51.36, 59.59, 1.32, 52.80, 0.01, 0.48, 0.48, 0.23, 0.63, 0.61, 0.68, 0.39, 0.41, 0.11, 0.56, 0.55, 0.14, 5.29, -59.09, 1.00, 1.31, 0.02403, 0.57795
320458, 3, 0.50, 0.50, -1.01, -0.87, 50.89, 59.61, 1.32, 52.80, 0.01, 0.48, 0.48, 0.12, 0.63, 0.65, 0.56, 0.39, 0.38, 0.25, 0.56, 0.54, 0.16, 5.55, -59.11, 1.00, 1.31, 0.02404, 0.57525
320471, 3, 0.50, 0.50, -1.11, -0.79, 50.60, 59.62, 1.32, 52.80, 0.01, 0.48, 0.45, 0.02, 0.63, 0.63, 0.56, 0.39, 0.39, 0.21, 0.56, 0.52, 0.28, 5.94, -59.12, 1.00, 1.31, 0.02406, 0.57169
320484, 3, 0.50, 0.50, -1.10, -0.66, 50.07, 59.64, 1.32, 52.80, 0.01, 0.48, 0.42, 0.18, 0.63, 0.65, 0.49, 0.39, 0.39, 0.30, 0.56, 0.48, 0.30, 6.41, -59.14, 1.00, 1.31, 0.02408, 0.56747
320498, 3, 0.50, 0.50, -0.95, -0.39, 49.53, 59.65, 1.32, 52.80, 0.01, 0.48, 0.46, 0.18, 0.63, 0.66, 0.44, 0.39, 0.37, 0.47, 0.56, 0.51, 0.54, 6.70, -59.15, 1.00, 1.31, 0.02410, 0.56332
320511, 3, 0.50, 0.50, -1.00, -0.22, 49.42, 59.66, 1.32, 52.80, 0.01, 0.48, 0.45, 0.14, 0.63, 0.58, 0.72, 0.39, 0.38, 0.39, 0.56, 0.48, 0.68, 7.23, -59.16, 1.00, 1.31, 0.02412, 0.55935
320524, 3, 0.50, 0.50, -0.91, 0.07, 49.32, 59.68, 1.32, 52.80, 0.01, 0.48, 0.45, 0.33, 0.63, 0.62, 0.61, 0.39, 0.39, 0.42, 0.56, 0.52, 0.68, 7.77, -59.18, 1.00, 1.30, 0.02413, 0.55403
320538, 3, 0.50, 0.50, -0.88, 0.29, 49.48, 59.69, 1.32, 52.80, 0.01, 0.48, 0.46, 0.37, 0.63, 0.62, 0.54, 0.39, 0.39, 0.54, 0.56, 0.54, 0.79, 7.88, -59.19, 1.00, 1.30, 0.02414, 0.54669
320551, 3, 0.50, 0.50, -0.86, 0.61, 49.81, 59.70, 1.32, 52.80, 0.01, 0.48, 0.46, 0.39, 0.63, 0.63, 0.70, 0.39, 0.41, 0.37, 0.56, 0.55, 0.82, 7.98, -59.20, 1.00, 1.29, 0.02415, 0.53830
320564, 3, 0.50, 0.50, -0.88, 0.77, 50.25, 59.71, 1.32, 52.80, 0.01, 0.48, 0.52, 0.21, 0.63, 0.68, 0.37, 0.39, 0.45, 0.16, 0.56, 0.56, 0.82, 7.81, -59.21, 1.00, 1.28, 0.02415, 0.53150
320578, 3, 0.50, 0.50, -0.95, 0.63, 50.72, 59.72, 1.32, 52.80, 0.01, 0.48, 0.48, 0.14, 0.63, 0.62, 0.54, 0.39, 0.45, 0.02, 0.56, 0.58, 0.79, 7.49, -59.22, 1.00, 1.28, 0.02415, 0.52868
320591, 3, 0.50, 0.50, -0.91, 0.65, 51.21, 59.73, 1.32, 52.80, 0.01, 0.48, 0.49, 0.25, 0.63, 0.66, 0.37, 0.39, 0.41, 0.11, 0.56, 0.58, 0.79, 7.05, -59.23, 1.00, 1.28, 0.02415, 0.53019
320604, 3, 0.50, 0.50, -0.95, 0.39, 51.84, 59.74, 1.32, 52.80, 0.01, 0.48, 0.52, 0.04, 0.63, 0.65, 0.39, 0.39, 0.41, 0.04, 0.56, 0.58, 0.74, 6.58, -59.24, 1.00, 1.29, 0.02414, 0.53454
320618, 3, 0.50, 0.50, -0.93, 0.35, 52.40, 59.75, 1.32, 52.80, 0.01, 0.48, 0.49, 0.11, 0.63, 0.63, 0.58, 0.39, 0.45, 0.14, 0.56, 0.59, 0.68, 6.08, -59.25, 1.00, 1.29, 0.02414, 0.54041
320709, 3, 0.50, 0.50, -0.89, 0.13, 52.47, 59.76, 1.32, 52.80, 0.01, 0.48, 0.48, 0.07, 0.63, 0.62, 0.65, 0.39, 0.39, 0.18, 0.56, 0.58, 0.46, 5.46, -59.26, 1.00, 1.30, 0.02413, 0.54711
320718, 3, 0.50, 0.50, -0.90, 0.04, 52.57, 59.78, 1.32, 52.80, 0.01, 0.48, 0.48, 0.07, 0.63, 0.62, 0.72, 0.39, 0.39, 0.19, 0.56, 0.61, 0.42, 4.90, -59.28, 1.00, 1.31, 0.02414, 0.55555
320733, 3, 0.50, 0.50, -0.90, 0.14, 52.49, 59.79, 1.32, 52.80, 0.01, 0.48, 0.49, 0.04, 0.63, 0.62, 0.74, 0.39, 0.42, 0.25, 0.56, 0.58, 0.33, 4.83, -59.29, 1.00, 1.32, 0.02414, 0.56584
320742, 3, 0.50, 0.50, -0.92, -0.28, 52.48, 59.80, 1.32, 52.80, 0.01, 0.48, 0.52, 0.05, 0.63, 0.63, 0.74, 0.39, 0.42, 0.28, 0.56, 0.62, 0.30, 4.73, -59.30, 1.00, 1.33, 0.02415, 0.57554
320751, 3, 0.50, 0.50, -0.93, -0.06, 52.50, 59.81, 1.32, 52.80, 0.01, 0.48, 0.51, 0.09, 0.63, 0.69, 0.49, 0.39, 0.41, 0.23, 0.56, 0.61, 0.05, 4.81, -59.31, 1.00, 1.33, 0.02415, 0.58062
320764, 3, 0.50, 0.50, -1.02, -0.55, 52.48, 59.83, 1.32, 52.80, 0.01, 0.48, 0.48, 0.04, 0.63, 0.66, 0.21, 0.39, 0.42, 0.26, 0.56, 0.56, 0.53, 4.82, -59.33, 1.00, 1.33, 0.02416, 0.57995
320778, 3, 0.50, 0.50, -0.96, -0.53, 52.12, 59.84, 1.32, 52.80, 0.01, 0.48, 0.46, 0.07, 0.63, 0.63, 0.51, 0.39, 0.42, 0.23, 0.56, 0.59, 0.11, 4.79, -59.34, 1.00, 1.33, 0.02417, 0.57671
320791, 3, 0.50, 0.50, -0.95, -0.48, 51.71, 59.85, 1.32, 52.80, 0.01, 0.48, 0.48, 0.19, 0.63, 0.62, 0.58, 0.39, 0.38, 0.19, 0.56, 0.51, 0.40, 4.81, -59.35, 1.00, 1.33, 0.02418, 0.57570
320804, 3, 0.50, 0.50, -0.97, -0.35, 51.28, 59.87, 1.32, 52.80, 0.01, 0.48, 0.49, 0.07, 0.63, 0.59, 0.81, 0.39, 0.38, 0.18, 0.56, 0.56, 0.30, 5.17, -59.37, 1.00, 1.34, 0.02420, 0.57782
320818, 3, 0.50, 0.50, -1.01, -0.26, 50.89, 59.88, 1.32, 52.80, 0.01, 0.48, 0.48, 0.12, 0.63, 0.58, 0.91, 0.39, 0.38, 0.11, 0.56, 0.52, 0.46, 5.59, -59.38, 1.00, 1.34, 0.02421, 0.57998
320831, 3, 0.50, 0.50, -1.00, -0.07, 50.92, 59.89, 1.32, 52.80, 0.01, 0.48, 0.45, 0.30, 0.63, 0.61, 0.96, 0.39, 0.41, 0.21, 0.56, 0.56, 0.40, 6.02, -59.39, 1.00, 1.34, 0.02423, 0.57858
320844, 3, 0.50, 0.50, -1.09, 0.01, 50.99, 59.91, 1.32, 52.80, 0.01, 0.48, 0.48, 0.23, 0.63, 0.61, 0.91, 0.39, 0.42, 0.23, 0.56, 0.55, 0.51, 6.41, -59.41, 1.00, 1.34, 0.02424, 0.57137
320858, 3, 0.50, 0.50, -1.08, -0.13, 51.02, 59.92, 1.32, 52.80, 0.01, 0.48, 0.51, 0.16, 0.63, 0.62, 0.89, 0.39, 0.41, 0.21, 0.56, 0.55, 0.65, 6.37, -59.42, 1.00, 1.33, 0.02424, 0.56128
320871, 3, 0.50, 0.50, -0.95, -0.02, 51.12, 59.94, 1.32, 52.80, 0.01, 0.48, 0.46, 0.14, 0.63, 0.63, 0.95, 0.39, 0.41, 0.25, 0.56, 0.58, 0.53, 6.31, -59.44, 1.00, 1.32, 0.02425, 0.55361
320884, 3, 0.50, 0.50, -0.96, -0.16, 51.33, 59.95, 1.32, 52.80, 0.01, 0.48, 0.49, 0.28, 0.63, 0.63, 0.96, 0.39, 0.39, 0.25, 0.56, 0.55, 0.60, 6.27, -59.45, 1.00, 1.32, 0.02426, 0.55140
320898, 3, 0.50, 0.50, -1.00, 0.12, 51.58, 59.96, 1.32, 52.80, 0.01, 0.48, 0.51, 0.14, 0.63, 0.66, 0.88, 0.39, 0.39, 0.14, 0.56, 0.56, 0.56, 6.18, -59.46, 1.00, 1.32, 0.02426, 0.55316
320911, 3, 0.50, 0.50, -1.04, 0.10, 51.92, 59.98, 1.32, 52.80, 0.01, 0.48, 0.48, 0.12, 0.63, 0.65, 0.82, 0.39, 0.38, 0.07, 0.56, 0.58, 0.53, 5.97, -59.48, 1.00, 1.32, 0.02426, 0.55559
320924, 3, 0.50, 0.50, -0.81, 0.07, 52.19, 59.99, 1.32, 52.80, 0.01, 0.48, 0.48, 0.21, 0.63, 0.69, 0.63, 0.39, 0.38, 0.05, 0.56, 0.58, 0.58, 5.72, -59.49, 1.00, 1.32, 0.02426, 0.55684
320938, 3, 0.50, 0.50, -0.90, 0.19, 52.63, 60.00, 1.32, 52.80, 0.01, 0.48, 0.51, 0.05, 0.63, 0.65, 0.70, 0.39, 0.38, 0.05, 0.56, 0.56, 0.49, 5.38, -59.50, 1.00, 1.33, 0.02426, 0.55825
320951, 3, 0.50, 0.50, -1.00, -0.05, 52.86, 60.01, 1.32, 52.80, 0.01, 0.48, 0.48, 0.07, 0.63, 0.66, 0.65, 0.39, 0.39, 0.05, 0.56, 0.63, 0.14, 5.11, -59.51, 1.00, 1.33, 0.02426, 0.56104
320964, 3, 0.50, 0.50, -1.15, 0.03, 52.93, 60.03, 1.32, 52.80, 0.01, 0.48, 0.49, 0.16, 0.63, 0.62, 0.72, 0.39, 0.39, 0.05, 0.56, 0.59, 0.26, 4.66, -59.53, 1.00, 1.33, 0.02426, 0.56531
320978, 3, 0.50, 0.50, -0.99, -0.14, 52.83, 60.04, 1.32, 52.80, 0.01, 0.48, 0.49, 0.21, 0.63, 0.65, 0.60, 0.39, 0.39, 0.04, 0.56, 0.59, 0.19, 4.44, -59.54, 1.00, 1.34, 0.02426, 0.57110
321005, 3, 0.50, 0.50, -1.11, -0.31, 52.77, 60.06, 1.32, 52.80, 0.01, 0.48, 0.45, 0.26, 0.63, 0.62, 0.75, 0.39, 0.39, 0.02, 0.56, 0.52, 0.30, 4.37, -59.56, 1.00, 1.35, 0.02427, 0.57809
321018, 3, 0.50, 0.50, -0.48, -0.63, 52.57, 60.06, 1.32, 52.80, 0.01, 0.48, 0.45, 0.04, 0.63, 0.68, 0.42, 0.39, 0.38, 0.11, 0.56, 0.56, 0.19, 4.46, -59.56, 1.00, 1.35, 0.02427, 0.58409
321032, 3, 0.50, 0.50, -0.71, -0.50, 52.65, 60.07, 1.32, 52.80, 0.01, 0.48, 0.46, 0.00, 0.63, 0.65, 0.42, 0.39, 0.39, 0.07, 0.56, 0.54, 0.26, 4.53, -59.57, 1.00, 1.36, 0.02429, 0.58686
321044, 3, 0.50, 0.50, -1.17, -0.50, 52.65, 60.09, 1.32, 52.80, 0.01, 0.48, 0.45, 0.05, 0.63, 0.65, 0.40, 0.39, 0.41, 0.05, 0.56, 0.52, 0.40, 4.73, -59.59, 1.00, 1.36, 0.02429, 0.58518
321058, 3, 0.50, 0.50, -1.21, -0.27, 52.38, 60.11, 1.32, 52.80, 0.01, 0.48, 0.45, 0.18, 0.63, 0.61, 0.49, 0.39, 0.39, 0.14, 0.56, 0.56, 0.33, 4.64, -59.61, 1.00, 1.35, 0.02430, 0.58116
321071, 3, 0.50, 0.50, -1.18, -0.13, 52.09, 60.12, 1.32, 52.80, 0.01, 0.48, 0.46, 0.14, 0.63, 0.69, 0.23, 0.39, 0.38, 0.21, 0.56, 0.52, 0.44, 4.65, -59.62, 1.00, 1.35, 0.02431, 0.57880
321084, 3, 0.50, 0.50, -1.22, -0.20, 51.82, 60.14, 1.32, 52.80, 0.01, 0.48, 0.48, 0.11, 0.63, 0.56, 0.44, 0.39, 0.39, 0.16, 0.56, 0.55, 0.49, 4.91, -59.64, 1.00, 1.36, 0.02432, 0.57965
321098, 3, 0.50, 0.50, -1.07, -0.18, 51.38, 60.15, 1.32, 52.80, 0.01, 0.48, 0.49, 0.16, 0.63, 0.61, 0.60, 0.39, 0.42, 0.05, 0.56, 0.52, 0.58, 5.20, -59.65, 1.00, 1.36, 0.02433, 0.58180
321111, 3, 0.50, 0.50, -1.15, -0.20, 51.22, 60.17, 1.32, 52.80, 0.01, 0.48, 0.46, 0.07, 0.63, 0.61, 0.70, 0.39, 0.41, 0.04, 0.56, 0.58, 0.46, 5.47, -59.67, 1.00, 1.36, 0.02435, 0.58225
321124, 3, 0.50, 0.50, -1.03, -0.05, 51.09, 60.18, 1.32, 52.80, 0.01, 0.48, 0.48, 0.28, 0.63, 0.61, 0.81, 0.39, 0.41, 0.05, 0.56, 0.56, 0.46, 5.91, -59.68, 1.00, 1.36, 0.02436, 0.57892
321138, 3, 0.50, 0.50, -0.97, 0.10, 50.96, 60.19, 1.32, 52.80, 0.01, 0.48, 0.52, 0.12, 0.63, 0.62, 0.81, 0.39, 0.44, 0.07, 0.56, 0.56, 0.42, 6.08, -59.69, 1.00, 1.36, 0.02437, 0.57281
321151, 3, 0.50, 0.50, -0.92, 0.00, 51.08, 60.21, 1.32, 52.80, 0.01, 0.48, 0.45, 0.11, 0.63, 0.66, 0.68, 0.39, 0.45, 0.21, 0.56, 0.56, 0.37, 6.21, -59.71, 1.00, 1.35, 0.02438, 0.56675
321164, 3, 0.50, 0.50, -1.04, -0.03, 51.19, 60.22, 1.32, 52.80, 0.01, 0.48, 0.49, 0.37, 0.63, 0.62, 0.63, 0.39, 0.42, 0.23, 0.56, 0.56, 0.44, 6.34, -59.72, 1.00, 1.35, 0.02439, 0.56182
321178, 3, 0.50, 0.50, -1.08, -0.01, 51.20, 60.23, 1.32, 52.80, 0.01, 0.48, 0.52, 0.09, 0.63, 0.63, 0.72, 0.39, 0.41, 0.21, 0.56, 0.58, 0.40, 6.21, -59.73, 1.00, 1.35, 0.02439, 0.55876
321191, 3, 0.50, 0.50, -1.10, -0.07, 51.50, 60.25, 1.32, 52.80, 0.01, 0.48, 0.46, 0.18, 0.63, 0.63, 0.68, 0.39, 0.39, 0.12, 0.56, 0.56, 0.44, 6.10, -59.75, 1.00, 1.35, 0.02440, 0.55827
321204, 3, 0.50, 0.50, -0.96, -0.20, 51.70, 60.26, 1.32, 52.80, 0.01, 0.48, 0.51, 0.07, 0.63, 0.63, 0.77, 0.39, 0.39, 0.14, 0.56, 0.58, 0.35, 6.10, -59.76, 1.00, 1.35, 0.02440, 0.55913
321218, 3, 0.50, 0.50, -1.05, -0.08, 52.00, 60.28, 1.32, 52.80, 0.01, 0.48, 0.52, 0.21, 0.63, 0.68, 0.60, 0.39, 0.39, 0.12, 0.56, 0.56, 0.46, 5.79, -59.78, 1.00, 1.35, 0.02440, 0.56041
321231, 3, 0.50, 0.50, -1.06, -0.14, 52.06, 60.29, 1.32, 52.80, 0.01, 0.48, 0.51, 0.28, 0.63, 0.59, 0.67, 0.39, 0.38, 0.05, 0.56, 0.61, 0.14, 5.59, -59.79, 1.00, 1.35, 0.02440, 0.56190
321244, 3, 0.50, 0.50, -0.98, -0.31, 51.96, 60.30, 1.32, 52.80, 0.01, 0.48, 0.48, 0.26, 0.63, 0.65, 0.65, 0.39, 0.38, 0.02, 0.56, 0.56, 0.37, 5.29, -59.80, 1.00, 1.35, 0.02441, 0.56473
321323, 3, 0.50, 0.50, -1.03, -0.10, 52.05, 60.32, 1.32, 52.80, 0.01, 0.48, 0.46, 0.04, 0.63, 0.65, 0.42, 0.39, 0.39, 0.12, 0.56, 0.51, 0.75, 5.24, -59.82, 1.00, 1.36, 0.02442, 0.56990
321331, 3, 0.50, 0.50, -1.10, -0.10, 51.99, 60.33, 1.32, 52.80, 0.01, 0.48, 0.46, 0.14, 0.63, 0.65, 0.58, 0.39, 0.41, 0.12, 0.56, 0.55, 0.75, 5.33, -59.83, 1.00, 1.37, 0.02442, 0.57533
321340, 3, 0.50, 0.50, -1.15, -0.10, 51.94, 60.35, 1.32, 52.80, 0.01, 0.48, 0.49, 0.04, 0.63, 0.73, 0.28, 0.39, 0.41, 0.09, 0.56, 0.59, 0.56, 5.25, -59.85, 1.00, 1.37, 0.02443, 0.57806
321366, 3, 0.50, 0.50, -1.05, -0.09, 51.92, 60.36, 1.32, 52.80, 0.01, 0.48, 0.46, 0.12, 0.63, 0.62, 0.56, 0.39, 0.39, 0.19, 0.56, 0.51, 0.86, 5.30, -59.86, 1.00, 1.37, 0.02444, 0.57766
321378, 3, 0.50, 0.50, -1.00, -0.03, 51.94, 60.38, 1.32, 52.80, 0.01, 0.48, 0.46, 0.26, 0.63, 0.72, 0.16, 0.39, 0.41, 0.19, 0.56, 0.58, 0.72, 5.35, -59.88, 1.00, 1.37, 0.02444, 0.57626
321391, 3, 0.50, 0.50, -1.05, -0.03, 52.03, 60.39, 1.32, 52.80, 0.01, 0.48, 0.49, 0.02, 0.63, 0.59, 0.42, 0.39, 0.44, 0.05, 0.56, 0.55, 0.68, 5.37, -59.89, 1.00, 1.37, 0.02445, 0.57509
321406, 3, 0.50, 0.50, -0.95, -0.09, 52.07, 60.40, 1.32, 52.80, 0.01, 0.48, 0.46, 0.11, 0.63, 0.65, 0.23, 0.39, 0.39, 0.14, 0.56, 0.56, 0.79, 5.35, -59.90, 1.00, 1.37, 0.02445, 0.57409
321418, 3, 0.50, 0.50, -0.94, -0.03, 52.22, 60.41, 1.32, 52.80, 0.01, 0.48, 0.46, 0.14, 0.63, 0.63, 0.30, 0.39, 0.41, 0.16, 0.56, 0.58, 0.70, 5.26, -59.91, 1.00, 1.37, 0.02446, 0.57308
321431, 3, 0.50, 0.50, -1.11, -0.01, 52.52, 60.43, 1.32, 52.80, 0.01, 0.48, 0.49, 0.05, 0.63, 0.62, 0.39, 0.39, 0.42, 0.04, 0.56, 0.61, 0.56, 5.23, -59.93, 1.00, 1.37, 0.02446, 0.57250
321444, 3, 0.50, 0.50, -1.20, -0.00, 52.61, 60.44, 1.32, 52.80, 0.01, 0.48, 0.49, 0.05, 0.63, 0.65, 0.32, 0.39, 0.42, 0.07, 0.56, 0.58, 0.56, 5.07, -59.94, 1.00, 1.37, 0.02446, 0.57240
321458, 3, 0.50, 0.50, -1.08, -0.03, 52.80, 60.46, 1.32, 52.80, 0.01, 0.48, 0.49, 0.12, 0.63, 0.61, 0.40, 0.39, 0.41, 0.04, 0.56, 0.56, 0.46, 4.78, -59.96, 1.00, 1.37, 0.02447, 0.57309
321471, 3, 0.50, 0.50, -0.98, 0.02, 52.95, 60.47, 1.32, 52.80, 0.01, 0.48, 0.48, 0.09, 0.63, 0.62, 0.60, 0.39, 0.41, 0.07, 0.56, 0.56, 0.47, 4.69, -59.97, 1.00, 1.37, 0.02447, 0.57505
321484, 3, 0.50, 0.50, -1.07, -0.09, 53.07, 60.49, 1.32, 52.80, 0.01, 0.48, 0.51, 0.09, 0.63, 0.63, 0.61, 0.39, 0.42, 0.14, 0.56, 0.61, 0.46, 4.49, -59.99, 1.00, 1.38, 0.02447, 0.57826
321498, 3, 0.50, 0.50, -1.02, -0.10, 53.10, 60.50, 1.32, 52.80, 0.01, 0.48, 0.54, 0.23, 0.63, 0.61, 0.67, 0.39, 0.39, 0.11, 0.56, 0.61, 0.16, 4.35, -60.00, 1.00, 1.38, 0.02447, 0.58164
321511, 3, 0.50, 0.50, -1.12, -0.05, 53.03, 60.51, 1.32, 52.80, 0.01, 0.48, 0.45, 0.19, 0.63, 0.63, 0.68, 0.39, 0.39, 0.02, 0.56, 0.59, 0.18, 4.23, -60.01, 1.00, 1.38, 0.02448, 0.58451
321524, 3, 0.50, 0.50, -1.05, -0.26, 52.80, 60.53, 1.32, 52.80, 0.01, 0.48, 0.44, 0.04, 0.63, 0.59, 0.88, 0.39, 0.39, 0.07, 0.56, 0.59, 0.23, 4.20, -60.03, 1.00, 1.39, 0.02448, 0.58722
321538, 3, 0.50, 0.50, -1.05, -0.24, 52.51, 60.54, 1.32, 52.80, 0.01, 0.48, 0.48, 0.05, 0.63, 0.62, 0.96, 0.39, 0.41, 0.07, 0.56, 0.59, 0.23, 4.27, -60.04, 1.00, 1.39, 0.02450, 0.59037
321551, 3, 0.50, 0.50, -0.93, -0.49, 52.20, 60.56, 1.32, 52.80, 0.01, 0.48, 0.46, 0.11, 0.63, 0.66, 0.79, 0.39, 0.39, 0.04, 0.56, 0.54, 0.21, 4.49, -60.06, 1.00, 1.40, 0.02451, 0.59305
321564, 3, 0.50, 0.50, -0.68, -0.52, 51.97, 60.57, 1.32, 52.80, 0.01, 0.48, 0.46, 0.11, 0.63, 0.63, 0.70, 0.39, 0.39, 0.05, 0.56, 0.56, 0.21, 4.78, -60.07, 1.00, 1.40, 0.02452, 0.59357
321578, 3, 0.50, 0.50, -0.97, -0.37, 51.86, 60.58, 1.32, 52.80, 0.01, 0.48, 0.46, 0.09, 0.63, 0.65, 0.65, 0.39, 0.39, 0.00, 0.56, 0.58, 0.14, 5.09, -60.08, 1.00, 1.40, 0.02453, 0.59118
321591, 3, 0.50, 0.50, -0.60, -0.30, 51.37, 60.59, 1.32, 52.80, 0.01, 0.48, 0.45, 0.09, 0.63, 0.62, 0.72, 0.39, 0.39, 0.04, 0.56, 0.56, 0.16, 5.32, -60.09, 1.00, 1.39, 0.02454, 0.58620
321604, 3, 0.50, 0.50, -0.70, -0.16, 51.09, 60.60, 1.32, 52.80, 0.01, 0.48, 0.44, 0.16, 0.63, 0.65, 0.60, 0.39, 0.39, 0.04, 0.56, 0.51, 0.39, 5.43, -60.10, 1.00, 1.39, 0.02456, 0.58181
321618, 3, 0.50, 0.50, -0.98, -0.38, 50.77, 60.61, 1.32, 52.80, 0.01, 0.48, 0.46, 0.14, 0.63, 0.63, 0.70, 0.39, 0.38, 0.19, 0.56, 0.56, 0.21, 5.93, -60.11, 1.00, 1.39, 0.02457, 0.57941
321631, 3, 0.50, 0.50, -1.08, 0.09, 50.45, 60.63, 1.32, 52.80, 0.01, 0.48, 0.46, 0.14, 0.63, 0.63, 0.61, 0.39, 0.39, 0.12, 0.56, 0.54, 0.26, 6.21, -60.13, 1.00, 1.39, 0.02459, 0.57798
321644, 3, 0.50, 0.50, -0.93, -0.33, 50.30, 60.64, 1.32, 52.80, 0.01, 0.48, 0.46, 0.25, 0.63, 0.59, 0.96, 0.39, 0.44, 0.05, 0.56, 0.52, 0.54, 6.52, -60.14, 1.00, 1.39, 0.02461, 0.57525
321672, 3, 0.50, 0.50, -0.97, -0.15, 50.45, 60.65, 1.32, 52.80, 0.01, 0.48, 0.48, 0.23, 0.63, 0.62, 0.91, 0.39, 0.38, 0.26, 0.56, 0.54, 0.65, 6.84, -60.15, 1.00, 1.39, 0.02462, 0.57029
321684, 3, 0.50, 0.50, -0.93, 0.02, 50.62, 60.66, 1.32, 52.80, 0.01, 0.48, 0.48, 0.26, 0.63, 0.65, 0.81, 0.39, 0.44, 0.09, 0.56, 0.59, 0.42, 7.00, -60.16, 1.00, 1.38, 0.02462, 0.56370
321698, 3, 0.50, 0.50, -0.83, 0.19, 50.97, 60.67, 1.32, 52.80, 0.01, 0.48, 0.48, 0.26, 0.63, 0.65, 0.63, 0.39, 0.45, 0.18, 0.56, 0.55, 0.39, 6.85, -60.17, 1.00, 1.38, 0.02463, 0.55744
321712, 3, 0.50, 0.50, -0.76, 0.06, 51.22, 60.68, 1.32, 52.80, 0.01, 0.48, 0.51, 0.16, 0.63, 0.63, 0.82, 0.39, 0.41, 0.11, 0.56, 0.56, 0.37, 6.67, -60.18, 1.00, 1.37, 0.02463, 0.55324
321724, 3, 0.50, 0.50, -0.75, 0.00, 51.68, 60.69, 1.32, 52.80, 0.01, 0.48, 0.49, 0.12, 0.63, 0.72, 0.42, 0.39, 0.39, 0.07, 0.56, 0.58, 0.37, 6.32, -60.19, 1.00, 1.37, 0.02463, 0.55283
321738, 3, 0.50, 0.50, -0.88, -0.02, 52.14, 60.71, 1.32, 52.80, 0.01, 0.48, 0.49, 0.23, 0.63, 0.62, 0.51, 0.39, 0.42, 0.19, 0.56, 0.55, 0.37, 6.07, -60.21, 1.00, 1.38, 0.02463, 0.55608
321751, 3, 0.50, 0.50, -0.95, -0.01, 52.25, 60.72, 1.32, 52.80, 0.01, 0.48, 0.51, 0.07, 0.63, 0.65, 0.61, 0.39, 0.42, 0.26, 0.56, 0.56, 0.53, 5.62, -60.22, 1.00, 1.38, 0.02462, 0.56073
321764, 3, 0.50, 0.50, -0.92, 0.00, 52.36, 60.73, 1.32, 52.80, 0.01, 0.48, 0.49, 0.05, 0.63, 0.66, 0.54, 0.39, 0.41, 0.25, 0.56, 0.56, 0.51, 5.15, -60.23, 1.00, 1.39, 0.02463, 0.56652
321778, 3, 0.50, 0.50, -0.88, -0.01, 52.44, 60.74, 1.32, 52.80, 0.01, 0.48, 0.48, 0.14, 0.63, 0.62, 0.67, 0.39, 0.41, 0.26, 0.56, 0.54, 0.56, 5.05, -60.24, 1.00, 1.39, 0.02463, 0.57380
321791, 3, 0.50, 0.50, -0.96, -0.00, 52.75, 60.75, 1.32, 52.80, 0.01, 0.48, 0.51, 0.04, 0.63, 0.66, 0.51, 0.39, 0.37, 0.14, 0.56, 0.77, 0.40, 4.93, -60.25, 1.00, 1.40, 0.02463, 0.58112
321804, 3, 0.50, 0.50, -1.03, -0.01, 53.06, 60.77, 1.32, 52.80, 0.01, 0.48, 0.49, 0.14, 0.63, 0.62, 0.72, 0.39, 0.37, 0.05, 0.56, 0.51, 0.39, 4.85, -60.27, 1.00, 1.40, 0.02463, 0.58474
321818, 3, 0.50, 0.50, -1.09, -0.22, 53.13, 60.78, 1.32, 52.80, 0.01, 0.48, 0.49, 0.14, 0.63, 0.62, 0.77, 0.39, 0.39, 0.05, 0.56, 0.54, 0.09, 4.54, -60.28, 1.00, 1.40, 0.02463, 0.58400
321831, 3, 0.50, 0.50, -1.05, -0.17, 52.99, 60.80, 1.32, 52.80, 0.01, 0.48, 0.51, 0.07, 0.63, 0.62, 0.81, 0.39, 0.38, 0.05, 0.56, 0.58, 0.23, 4.24, -60.30, 1.00, 1.40, 0.02463, 0.58300
321844, 3, 0.50, 0.50, -1.14, -0.26, 52.89, 60.81, 1.32, 52.80, 0.01, 0.48, 0.48, 0.09, 0.63, 0.66, 0.54, 0.39, 0.38, 0.07, 0.56, 0.56, 0.23, 4.16, -60.31, 1.00, 1.41, 0.02464, 0.58637
321921, 3, 0.50, 0.50, -1.16, -0.13, 52.74, 60.83, 1.32, 52.80, 0.01, 0.48, 0.46, 0.25, 0.63, 0.62, 1.26, 0.39, 0.38, 0.21, 0.56, 0.55, 0.44, 4.31, -60.33, 1.00, 1.42, 0.02465, 0.59272
321930, 3, 0.50, 0.50, -1.17, -0.01, 52.59, 60.84, 1.32, 52.80, 0.01, 0.48, 0.48, 0.25, 0.63, 0.63, 1.04, 0.39, 0.39, 0.21, 0.56, 0.54, 0.33, 4.40, -60.34, 1.00, 1.42, 0.02466, 0.59714
321943, 3, 0.50, 0.50, -1.11, 0.10, 52.61, 60.86, 1.32, 52.80, 0.01, 0.48, 0.54, 0.16, 0.63, 0.63, 1.11, 0.39, 0.45, 0.09, 0.56, 0.55, 0.40, 4.56, -60.36, 1.00, 1.42, 0.02467, 0.59693
321951, 3, 0.50, 0.50, -1.17, 0.21, 52.70, 60.87, 1.32, 52.80, 0.01, 0.48, 0.52, 0.18, 0.63, 0.65, 1.05, 0.39, 0.46, 0.11, 0.56, 0.56, 0.32, 4.70, -60.37, 1.00, 1.42, 0.02468, 0.59298
321964, 3, 0.50, 0.50, -1.00, 0.23, 52.74, 60.89, 1.32, 52.80, 0.01, 0.48, 0.48, 0.18, 0.63, 0.65, 0.91, 0.39, 0.39, 0.19, 0.56, 0.56, 0.37, 4.69, -60.39, 1.00, 1.41, 0.02468, 0.58826
321978, 3, 0.50, 0.50, -0.90, 0.07, 52.88, 60.90, 1.32, 52.80, 0.01, 0.48, 0.48, 0.07, 0.63, 0.65, 0.89, 0.39, 0.42, 0.07, 0.56, 0.62, 0.12, 4.59, -60.40, 1.00, 1.41, 0.02468, 0.58500
321991, 3, 0.50, 0.50, -1.18, 0.15, 53.12, 60.91, 1.32, 52.80, 0.01, 0.48, 0.51, 0.11, 0.63, 0.65, 0.89, 0.39, 0.45, 0.18, 0.56, 0.59, 0.25, 4.55, -60.41, 1.00, 1.41, 0.02469, 0.58380
322004, 3, 0.50, 0.50, -1.13, 0.02, 53.14, 60.93, 1.32, 52.80, 0.01, 0.48, 0.48, 0.14, 0.63, 0.66, 0.77, 0.39, 0.41, 0.26, 0.56, 0.58, 0.18, 4.42, -60.43, 1.00, 1.41, 0.02469, 0.58421
322031, 3, 0.50, 0.50, -1.11, -0.08, 53.18, 60.94, 1.32, 52.80, 0.01, 0.48, 0.48, 0.02, 0.63, 0.66, 0.74, 0.39, 0.39, 0.14, 0.56, 0.52, 0.33, 4.18, -60.44, 1.00, 1.41, 0.02469, 0.58611
322044, 3, 0.50, 0.50, -1.02, -0.18, 53.26, 60.96, 1.32, 52.80, 0.01, 0.48, 0.51, 0.09, 0.63, 0.63, 0.91, 0.39, 0.38, 0.07, 0.56, 0.61, 0.14, 4.15, -60.46, 1.00, 1.42, 0.02469, 0.58898
322058, 3, 0.50, 0.50, -1.09, -0.41, 53.27, 60.97, 1.32, 52.80, 0.01, 0.48, 0.49, 0.23, 0.63, 0.68, 0.74, 0.39, 0.38, 0.07, 0.56, 0.54, 0.28, 4.11, -60.47, 1.00, 1.42, 0.02470, 0.59212
322073, 3, 0.50, 0.50, -1.09, -0.44, 53.23, 60.99, 1.32, 52.80, 0.01, 0.48, 0.49, 0.11, 0.63, 0.61, 1.04, 0.39, 0.39, 0.07, 0.56, 0.56, 0.12, 4.04, -60.49, 1.00, 1.42, 0.02470, 0.59456
322084, 3, 0.50, 0.50, -0.96, -0.58, 53.19, 61.00, 1.32, 52.80, 0.01, 0.48, 0.49, 0.28, 0.63, 0.63, 0.98, 0.39, 0.41, 0.05, 0.56, 0.59, 0.18, 4.03, -60.50, 1.00, 1.43, 0.02471, 0.59572
322098, 3, 0.50, 0.50, -1.05, -0.44, 53.23, 61.02, 1.32, 52.80, 0.01, 0.48, 0.46, 0.26, 0.63, 0.69, 0.70, 0.39, 0.37, 0.14, 0.56, 0.54, 0.30, 4.06, -60.52, 1.00, 1.43, 0.02472, 0.59611
322111, 3, 0.50, 0.50, -1.08, -0.49, 53.06, 61.03, 1.32, 52.80, 0.01, 0.48, 0.46, 0.16, 0.63, 0.58, 0.77, 0.39, 0.38, 0.11, 0.56, 0.54, 0.14, 4.11, -60.53, 1.00, 1.43, 0.02472, 0.59620
322124, 3, 0.50, 0.50, -0.98, -0.46, 52.76, 61.04, 1.32, 52.80, 0.01, 0.48, 0.46, 0.16, 0.63, 0.62, 1.09, 0.39, 0.39, 0.07, 0.56, 0.55, 0.12, 4.06, -60.54, 1.00, 1.43, 0.02473, 0.59647
322138, 3, 0.50, 0.50, -0.96, -0.29, 52.50, 61.06, 1.32, 52.80, 0.01, 0.48, 0.45, 0.16, 0.63, 0.66, 0.67, 0.39, 0.38, 0.18, 0.56, 0.52, 0.26, 4.24, -60.56, 1.00, 1.43, 0.02474, 0.59736
322151, 3, 0.50, 0.50, -0.90, -0.23, 52.20, 61.07, 1.32, 52.80, 0.01, 0.48, 0.46, 0.16, 0.63, 0.62, 0.98, 0.39, 0.39, 0.18, 0.56, 0.56, 0.12, 4.53, -60.57, 1.00, 1.44, 0.02475, 0.59868
322164, 3, 0.50, 0.50, -0.86, -0.16, 51.92, 61.08, 1.32, 52.80, 0.01, 0.48, 0.46, 0.14, 0.63, 0.68, 0.72, 0.39, 0.41, 0.19, 0.56, 0.58, 0.16, 4.80, -60.58, 1.00, 1.44, 0.02477, 0.59875
322178, 3, 0.50, 0.50, -0.88, -0.14, 51.68, 61.09, 1.32, 52.80, 0.01, 0.48, 0.44, 0.07, 0.63, 0.63, 0.70, 0.39, 0.37, 0.37, 0.56, 0.51, 0.30, 5.09, -60.59, 1.00, 1.44, 0.02478, 0.59615
322191, 3, 0.50, 0.50, -0.92, -0.14, 51.38, 61.11, 1.32, 52.80, 0.01, 0.48, 0.45, 0.14, 0.63, 0.65, 0.67, 0.39, 0.41, 0.26, 0.56, 0.49, 0.39, 5.38, -60.61, 1.00, 1.43, 0.02479, 0.59158
322204, 3, 0.50, 0.50, -0.85, -0.01, 51.08, 61.12, 1.32, 52.80, 0.01, 0.48, 0.45, 0.14, 0.63, 0.63, 0.63, 0.39, 0.42, 0.18, 0.56, 0.56, 0.23, 5.62, -60.62, 1.00, 1.43, 0.02481, 0.58720
322218, 3, 0.50, 0.50, -0.84, -0.07, 50.83, 61.13, 1.32, 52.80, 0.01, 0.48, 0.49, 0.07, 0.63, 0.63, 0.68, 0.39, 0.39, 0.39, 0.56, 0.49, 0.33, 5.92, -60.63, 1.00, 1.43, 0.02482, 0.58407
322231, 3, 0.50, 0.50, -0.85, 0.04, 50.71, 61.14, 1.32, 52.80, 0.01, 0.48, 0.46, 0.07, 0.63, 0.59, 0.98, 0.39, 0.38, 0.37, 0.56, 0.55, 0.39, 6.22, -60.64, 1.00, 1.43, 0.02483, 0.58138
322244, 3, 0.50, 0.50, -0.87, 0.05, 50.71, 61.15, 1.32, 52.80, 0.01, 0.48, 0.48, 0.26, 0.63, 0.63, 0.86, 0.39, 0.39, 0.30, 0.56, 0.52, 0.47, 6.47, -60.65, 1.00, 1.43, 0.02484, 0.57796
322258, 3, 0.50, 0.50, -0.95, 0.28, 50.71, 61.16, 1.32, 52.80, 0.01, 0.48, 0.49, 0.12, 0.63, 0.63, 0.81, 0.39, 0.41, 0.28, 0.56, 0.55, 0.61, 6.59, -60.66, 1.00, 1.42, 0.02485, 0.57340
322271, 3, 0.50, 0.50, -0.93, 0.34, 50.76, 61.17, 1.32, 52.80, 0.01, 0.48, 0.48, 0.19, 0.63, 0.65, 0.82, 0.39, 0.44, 0.16, 0.56, 0.56, 0.42, 6.59, -60.67, 1.00, 1.42, 0.02486, 0.56891
322284, 3, 0.50, 0.50, -0.86, 0.37, 50.86, 61.18, 1.32, 52.80, 0.01, 0.48, 0.46, 0.28, 0.63, 0.65, 0.75, 0.39, 0.42, 0.05, 0.56, 0.56, 0.49, 6.59, -60.68, 1.00, 1.42, 0.02487, 0.56628
322298, 3, 0.50, 0.50, -0.97, 0.45, 51.05, 61.20, 1.32, 52.80, 0.01, 0.48, 0.51, 0.12, 0.63, 0.63, 0.82, 0.39, 0.42, 0.05, 0.56, 0.58, 0.47, 6.54, -60.70, 1.00, 1.42, 0.02487, 0.56600
322311, 3, 0.50, 0.50, -0.89, 0.38, 51.24, 61.21, 1.32, 52.80, 0.01, 0.48, 0.51, 0.05, 0.63, 0.65, 0.81, 0.39, 0.41, 0.02, 0.56, 0.58, 0.39, 6.44, -60.71, 1.00, 1.42, 0.02488, 0.56679
322339, 3, 0.50, 0.50, -0.88, 0.35, 51.58, 61.22, 1.32, 52.80, 0.01, 0.48, 0.49, 0.12, 0.63, 0.63, 0.61, 0.39, 0.41, 0.16, 0.56, 0.59, 0.39, 6.25, -60.72, 1.00, 1.42, 0.02488, 0.56758
322351, 3, 0.50, 0.50, -0.97, 0.37, 51.86, 61.23, 1.32, 52.80, 0.01, 0.48, 0.54, 0.11, 0.63, 0.65, 0.61, 0.39, 0.39, 0.11, 0.56, 0.58, 0.30, 6.05, -60.73, 1.00, 1.42, 0.02488, 0.56822
322364, 3, 0.50, 0.50, -0.83, 0.16, 52.12, 61.24, 1.32, 52.80, 0.01, 0.48, 0.51, 0.26, 0.63, 0.65, 0.58, 0.39, 0.41, 0.12, 0.56, 0.58, 0.39, 5.72, -60.74, 1.00, 1.42, 0.02488, 0.56965
322379, 3, 0.50, 0.50, -0.79, -0.03, 52.30, 61.25, 1.32, 52.80, 0.01, 0.48, 0.49, 0.23, 0.63, 0.69, 0.25, 0.39, 0.42, 0.12, 0.56, 0.62, 0.04, 5.43, -60.75, 1.00, 1.43, 0.02488, 0.57260
322391, 3, 0.50, 0.50, -0.99, -0.40, 52.40, 61.27, 1.32, 52.80, 0.01, 0.48, 0.51, 0.25, 0.63, 0.65, 0.46, 0.39, 0.39, 0.09, 0.56, 0.59, 0.28, 5.18, -60.77, 1.00, 1.43, 0.02488, 0.57712
322404, 3, 0.50, 0.50, -0.95, -0.61, 52.26, 61.28, 1.32, 52.80, 0.01, 0.48, 0.49, 0.25, 0.63, 0.68, 0.19, 0.39, 0.38, 0.02, 0.56, 0.56, 0.19, 5.00, -60.78, 1.00, 1.44, 0.02489, 0.58255
322418, 3, 0.50, 0.50, -0.91, -0.77, 52.06, 61.29, 1.32, 52.80, 0.01, 0.48, 0.48, 0.25, 0.63, 0.61, 0.47, 0.39, 0.39, 0.05, 0.56, 0.58, 0.16, 4.89, -60.79, 1.00, 1.45, 0.02490, 0.58829
322431, 3, 0.50, 0.50, -0.97, -0.70, 51.77, 61.31, 1.32, 52.80, 0.01, 0.48, 0.49, 0.25, 0.63, 0.62, 0.44, 0.39, 0.38, 0.12, 0.56, 0.59, 0.19, 5.04, -60.81, 1.00, 1.45, 0.02491, 0.59323
322509, 3, 0.50, 0.50, -0.81, -0.16, 51.60, 61.32, 1.32, 52.80, 0.01, 0.48, 0.46, 0.23, 0.63, 0.65, 0.77, 0.39, 0.38, 0.42, 0.56, 0.54, 0.93, 5.23, -60.82, 1.00, 1.46, 0.02492, 0.59619
322518, 3, 0.50, 0.50, -0.80, 0.21, 51.60, 61.33, 1.32, 52.80, 0.01, 0.48, 0.48, 0.14, 0.63, 0.66, 0.70, 0.39, 0.42, 0.32, 0.56, 0.56, 0.89, 5.52, -60.83, 1.00, 1.46, 0.02493, 0.59568
322526, 3, 0.50, 0.50, -0.93, 0.31, 51.65, 61.34, 1.32, 52.80, 0.01, 0.48, 0.52, 0.09, 0.63, 0.69, 0.70, 0.39, 0.42, 0.19, 0.56, 0.62, 0.68, 5.69, -60.84, 1.00, 1.45, 0.02494, 0.59111
322538, 3, 0.50, 0.50, -1.02, 0.52, 51.74, 61.35, 1.32, 52.80, 0.01, 0.48, 0.51, 0.04, 0.63, 0.70, 0.14, 0.39, 0.39, 0.26, 0.56, 0.55, 0.65, 5.69, -60.85, 1.00, 1.45, 0.02494, 0.58452
322551, 3, 0.50, 0.50, -0.87, 0.21, 51.88, 61.36, 1.32, 52.80, 0.01, 0.48, 0.48, 0.25, 0.63, 0.63, 0.65, 0.39, 0.42, 0.12, 0.56, 0.56, 0.77, 5.64, -60.86, 1.00, 1.44, 0.02495, 0.57927
322564, 3, 0.50, 0.50, -0.90, 0.51, 52.06, 61.37, 1.32, 52.80, 0.01, 0.48, 0.54, 0.11, 0.63, 0.66, 0.39, 0.39, 0.42, 0.04, 0.56, 0.61, 0.60, 5.56, -60.87, 1.00, 1.44, 0.02495, 0.57734
322578, 3, 0.50, 0.50, -0.94, 0.34, 52.28, 61.39, 1.32, 52.80, 0.01, 0.48, 0.49, 0.14, 0.63, 0.63, 0.47, 0.39, 0.41, 0.05, 0.56, 0.61, 0.53, 5.42, -60.89, 1.00, 1.44, 0.02496, 0.57816
322591, 3, 0.50, 0.50, -0.91, 0.31, 52.57, 61.40, 1.32, 52.80, 0.01, 0.48, 0.48, 0.11, 0.63, 0.65, 0.42, 0.39, 0.39, 0.11, 0.56, 0.58, 0.39, 5.24, -60.90, 1.00, 1.45, 0.02496, 0.58002
322604, 3, 0.50, 0.50, -0.92, 0.13, 52.82, 61.41, 1.32, 52.80, 0.01, 0.48, 0.49, 0.04, 0.63, 0.65, 0.46, 0.39, 0.41, 0.04, 0.56, 0.56, 0.33, 5.02, -60.91, 1.00, 1.45, 0.02496, 0.58173
322618, 3, 0.50, 0.50, -0.88, -0.09, 53.05, 61.42, 1.32, 52.80, 0.01, 0.48, 0.49, 0.02, 0.63, 0.65, 0.44, 0.39, 0.42, 0.12, 0.56, 0.56, 0.35, 4.73, -60.92, 1.00, 1.45, 0.02496, 0.58373
322631, 3, 0.50, 0.50, -0.90, -0.10, 53.19, 61.43, 1.32, 52.80, 0.01, 0.48, 0.51, 0.11, 0.63, 0.63, 0.56, 0.39, 0.42, 0.11, 0.56, 0.56, 0.35, 4.47, -60.93, 1.00, 1.45, 0.02496, 0.58676
322644, 3, 0.50, 0.50, -0.85, -0.22, 53.34, 61.45, 1.32, 52.80, 0.01, 0.48, 0.51, 0.25, 0.63, 0.63, 0.49, 0.39, 0.35, 0.18, 0.56, 0.56, 0.32, 4.25, -60.95, 1.00, 1.46, 0.02496, 0.59093
322658, 3, 0.50, 0.50, -0.92, -0.30, 53.47, 61.46, 1.32, 52.80, 0.01, 0.48, 0.51, 0.25, 0.63, 0.63, 0.56, 0.39, 0.38, 0.11, 0.56, 0.61, 0.09, 4.11, -60.96, 1.00, 1.46, 0.02496, 0.59539
322671, 3, 0.50, 0.50, -0.94, -0.25, 53.46, 61.47, 1.32, 52.80, 0.01, 0.48, 0.51, 0.25, 0.63, 0.62, 0.61, 0.39, 0.42, 0.05, 0.56, 0.55, 0.37, 3.96, -60.97, 1.00, 1.47, 0.02496, 0.59902
322697, 3, 0.50, 0.50, -0.93, -0.40, 53.34, 61.48, 1.32, 52.80, 0.01, 0.48, 0.45, 0.30, 0.63, 0.61, 0.81, 0.39, 0.37, 0.18, 0.56, 0.55, 0.23, 3.82, -60.98, 1.00, 1.47, 0.02497, 0.60175
322706, 3, 0.50, 0.50, -0.88, -0.26, 53.19, 61.50, 1.32, 52.80, 0.01, 0.48, 0.48, 0.23, 0.63, 0.63, 0.75, 0.39, 0.39, 0.18, 0.56, 0.61, 0.16, 3.84, -61.00, 1.00, 1.47, 0.02497, 0.60437
322714, 3, 0.50, 0.50, -0.97, -0.23, 53.02, 61.51, 1.32, 52.80, 0.01, 0.48, 0.46, 0.25, 0.63, 0.69, 0.49, 0.39, 0.41, 0.11, 0.56, 0.59, 0.09, 3.96, -61.01, 1.00, 1.48, 0.02498, 0.60693
322730, 3, 0.50, 0.50, -0.94, -0.30, 52.78, 61.52, 1.32, 52.80, 0.01, 0.48, 0.44, 0.11, 0.63, 0.59, 0.72, 0.39, 0.42, 0.07, 0.56, 0.54, 0.54, 4.11, -61.02, 1.00, 1.48, 0.02499, 0.60824
322738, 3, 0.50, 0.50, -0.91, -0.36, 52.54, 61.53, 1.32, 52.80, 0.01, 0.48, 0.45, 0.11, 0.63, 0.63, 0.88, 0.39, 0.42, 0.09, 0.56, 0.56, 0.19, 4.27, -61.03, 1.00, 1.48, 0.02500, 0.60759
322751, 3, 0.50, 0.50, -0.66, -0.06, 52.31, 61.54, 1.32, 52.80, 0.01, 0.48, 0.49, 0.07, 0.63, 0.70, 0.14, 0.39, 0.37, 0.21, 0.56, 0.55, 0.25, 4.52, -61.04, 1.00, 1.48, 0.02502, 0.60546
322764, 3, 0.50, 0.50, -0.88, -0.36, 52.30, 61.56, 1.32, 52.80, 0.01, 0.48, 0.49, 0.12, 0.63, 0.62, 0.47, 0.39, 0.38, 0.21, 0.56, 0.49, 0.58, 4.76, -61.06, 1.00, 1.48, 0.02503, 0.60275
322778, 3, 0.50, 0.50, -0.87, -0.35, 52.09, 61.57, 1.32, 52.80, 0.01, 0.48, 0.48, 0.05, 0.63, 0.63, 0.37, 0.39, 0.41, 0.05, 0.56, 0.63, 0.23, 4.99, -61.07, 1.00, 1.48, 0.02503, 0.59910
322791, 3, 0.50, 0.50, -0.99, -0.44, 51.91, 61.58, 1.32, 52.80, 0.01, 0.48, 0.48, 0.05, 0.63, 0.59, 0.74, 0.39, 0.39, 0.11, 0.56, 0.51, 0.53, 5.00, -61.08, 1.00, 1.47, 0.02504, 0.59523
322804, 3, 0.50, 0.50, -1.02, -0.27, 51.70, 61.60, 1.32, 52.80, 0.01, 0.48, 0.45, 0.11, 0.63, 0.59, 0.82, 0.39, 0.38, 0.21, 0.56, 0.56, 0.56, 5.21, -61.10, 1.00, 1.47, 0.02506, 0.59261
322818, 3, 0.50, 0.50, -0.90, -0.12, 51.57, 61.61, 1.32, 52.80, 0.01, 0.48, 0.46, 0.18, 0.63, 0.61, 0.84, 0.39, 0.39, 0.30, 0.56, 0.54, 0.30, 5.39, -61.11, 1.00, 1.47, 0.02507, 0.59194
322831, 3, 0.50, 0.50, -0.98, -0.04, 51.53, 61.62, 1.32, 52.80, 0.01, 0.48, 0.46, 0.19, 0.63, 0.62, 0.68, 0.39, 0.41, 0.19, 0.56, 0.54, 0.70, 5.59, -61.12, 1.00, 1.47, 0.02508, 0.59162
322844, 3, 0.50, 0.50, -0.93, -0.12, 51.55, 61.63, 1.32, 52.80, 0.01, 0.48, 0.51, 0.18, 0.63, 0.65, 0.77, 0.39, 0.41, 0.11, 0.56, 0.58, 0.47, 5.72, -61.13, 1.00, 1.47, 0.02508, 0.58959
322858, 3, 0.50, 0.50, -0.92, 0.38, 51.66, 61.64, 1.32, 52.80, 0.01, 0.48, 0.46, 0.07, 0.63, 0.63, 0.77, 0.39, 0.39, 0.11, 0.56, 0.55, 0.60, 5.76, -61.14, 1.00, 1.47, 0.02509, 0.58600
322871, 3, 0.50, 0.50, -0.83, 0.33, 51.76, 61.66, 1.32, 52.80, 0.01, 0.48, 0.51, 0.37, 0.63, 0.63, 0.74, 0.39, 0.42, 0.09, 0.56, 0.56, 0.60, 5.74, -61.16, 1.00, 1.47, 0.02510, 0.58264
322884, 3, 0.50, 0.50, -0.96, 0.35, 51.90, 61.67, 1.32, 52.80, 0.01, 0.48, 0.51, 0.05, 0.63, 0.63, 0.70, 0.39, 0.44, 0.04, 0.56, 0.58, 0.51, 5.64, -61.17, 1.00, 1.47, 0.02510, 0.58112
322898, 3, 0.50, 0.50, -0.93, 0.27, 51.99, 61.68, 1.32, 52.80, 0.01, 0.48, 0.46, 0.26, 0.63, 0.63, 0.77, 0.39, 0.42, 0.16, 0.56, 0.56, 0.60, 5.53, -61.18, 1.00, 1.47, 0.02510, 0.58142
322911, 3, 0.50, 0.50, -0.91, 0.18, 52.16, 61.69, 1.32, 52.80, 0.01, 0.48, 0.51, 0.04, 0.63, 0.68, 0.72, 0.39, 0.39, 0.12, 0.56, 0.56, 0.58, 5.40, -61.19, 1.00, 1.47, 0.02511, 0.58323
322924, 3, 0.50, 0.50, -0.95, 0.16, 52.33, 61.70, 1.32, 52.80, 0.01, 0.48, 0.48, 0.09, 0.63, 0.63, 0.74, 0.39, 0.38, 0.04, 0.56, 0.56, 0.67, 5.31, -61.20, 1.00, 1.47, 0.02511, 0.58547
322938, 3, 0.50, 0.50, -0.90, 0.09, 52.42, 61.71, 1.32, 52.80, 0.01, 0.48, 0.52, 0.12, 0.63, 0.65, 0.74, 0.39, 0.41, 0.04, 0.56, 0.61, 0.26, 5.14, -61.21, 1.00, 1.48, 0.02511, 0.58741
322951, 3, 0.50, 0.50, -0.92, -0.12, 52.44, 61.73, 1.32, 52.80, 0.01, 0.48, 0.49, 0.23, 0.63, 0.63, 0.74, 0.39, 0.42, 0.11, 0.56, 0.61, 0.23, 4.97, -61.23, 1.00, 1.48, 0.02512, 0.58923
322964, 3, 0.50, 0.50, -0.86, -0.15, 52.40, 61.74, 1.32, 52.80, 0.01, 0.48, 0.49, 0.12, 0.63, 0.62, 0.88, 0.39, 0.39, 0.05, 0.56, 0.61, 0.18, 4.88, -61.24, 1.00, 1.48, 0.02512, 0.59167
322992, 3, 0.50, 0.50, -0.79, -0.45, 52.30, 61.75, 1.32, 52.80, 0.01, 0.48, 0.44, 0.14, 0.63, 0.61, 0.95, 0.39, 0.39, 0.02, 0.56, 0.58, 0.32, 4.86, -61.25, 1.00, 1.48, 0.02513, 0.59486
323004, 3, 0.50, 0.50, -0.94, -0.21, 52.19, 61.76, 1.32, 52.80, 0.01, 0.48, 0.44, 0.07, 0.63, 0.65, 0.65, 0.39, 0.39, 0.02, 0.56, 0.62, 0.23, 4.89, -61.26, 1.00, 1.49, 0.02514, 0.59782
323018, 3, 0.50, 0.50, -0.92, -0.23, 51.98, 61.78, 1.32, 52.80, 0.01, 0.48, 0.46, 0.07, 0.63, 0.65, 0.72, 0.39, 0.38, 0.04, 0.56, 0.51, 0.35, 4.99, -61.28, 1.00, 1.49, 0.02515, 0.59939
323092, 3, 0.50, 0.50, -0.81, -0.08, 51.88, 61.79, 1.32, 52.80, 0.01, 0.48, 0.48, 0.16, 0.63, 0.63, 0.95, 0.39, 0.41, 0.05, 0.56, 0.55, 0.42, 5.11, -61.29, 1.00, 1.49, 0.02516, 0.59944
323100, 3, 0.50, 0.50, -0.86, 0.09, 51.87, 61.80, 1.32, 52.80, 0.01, 0.48, 0.51, 0.09, 0.63, 0.62, 0.95, 0.39, 0.41, 0.05, 0.56, 0.58, 0.26, 5.32, -61.30, 1.00, 1.49, 0.02517, 0.59817
323111, 3, 0.50, 0.50, -0.94, -0.01, 51.89, 61.81, 1.32, 52.80, 0.01, 0.48, 0.51, 0.02, 0.63, 0.69, 0.70, 0.39, 0.42, 0.05, 0.56, 0.59, 0.12, 5.42, -61.31, 1.00, 1.49, 0.02518, 0.59549
323124, 3, 0.50, 0.50, -0.96, -0.05, 51.88, 61.82, 1.32, 52.80, 0.01, 0.48, 0.48, 0.14, 0.63, 0.62, 0.86, 0.39, 0.42, 0.05, 0.56, 0.56, 0.42, 5.42, -61.32, 1.00, 1.49, 0.02518, 0.59195
323138, 3, 0.50, 0.50, -0.91, -0.20, 51.76, 61.84, 1.32, 52.80, 0.01, 0.48, 0.48, 0.04, 0.63, 0.65, 0.79, 0.39, 0.42, 0.18, 0.56, 0.59, 0.21, 5.41, -61.34, 1.00, 1.49, 0.02519, 0.58922
323151, 3, 0.50, 0.50, -1.02, -0.23, 51.96, 61.85, 1.32, 52.80, 0.01, 0.48, 0.49, 0.07, 0.63, 0.65, 0.79, 0.39, 0.41, 0.18, 0.56, 0.56, 0.32, 5.41, -61.35, 1.00, 1.49, 0.02520, 0.58890
323164, 3, 0.50, 0.50, -1.04, -0.26, 52.10, 61.86, 1.32, 52.80, 0.01, 0.48, 0.48, 0.04, 0.63, 0.63, 0.75, 0.39, 0.42, 0.16, 0.56, 0.56, 0.28, 5.53, -61.36, 1.00, 1.49, 0.02520, 0.58950
323178, 3, 0.50, 0.50, -1.09, -0.21, 52.18, 61.88, 1.32, 52.80, 0.01, 0.48, 0.48, 0.14, 0.63, 0.63, 0.86, 0.39, 0.41, 0.16, 0.56, 0.55, 0.42, 5.33, -61.38, 1.00, 1.49, 0.02520, 0.58928
323191, 3, 0.50, 0.50, -1.02, -0.10, 52.24, 61.89, 1.32, 52.80, 0.01, 0.48, 0.49, 0.09, 0.63, 0.65, 0.79, 0.39, 0.38, 0.09, 0.56, 0.55, 0.40, 5.20, -61.39, 1.00, 1.49, 0.02521, 0.58850
323204, 3, 0.50, 0.50, -1.02, -0.21, 52.37, 61.91, 1.32, 52.80, 0.01, 0.48, 0.48, 0.07, 0.63, 0.65, 0.77, 0.39, 0.39, 0.04, 0.56, 0.55, 0.49, 5.11, -61.41, 1.00, 1.49, 0.02521, 0.58926
323218, 3, 0.50, 0.50, -1.01, -0.22, 52.53, 61.92, 1.32, 52.80, 0.01, 0.48, 0.51, 0.04, 0.63, 0.66, 0.75, 0.39, 0.38, 0.11, 0.56, 0.55, 0.51, 5.06, -61.42, 1.00, 1.49, 0.02522, 0.59175
323231, 3, 0.50, 0.50, -1.00, -0.09, 52.62, 61.93, 1.32, 52.80, 0.01, 0.48, 0.51, 0.14, 0.63, 0.63, 0.70, 0.39, 0.39, 0.07, 0.56, 0.62, 0.18, 4.92, -61.43, 1.00, 1.50, 0.02522, 0.59403
323244, 3, 0.50, 0.50, -0.99, -0.31, 52.67, 61.95, 1.32, 52.80, 0.01, 0.48, 0.52, 0.23, 0.63, 0.63, 0.88, 0.39, 0.39, 0.04, 0.56, 0.58, 0.32, 4.76, -61.45, 1.00, 1.50, 0.02522, 0.59515
323258, 3, 0.50, 0.50, -1.05, -0.26, 52.71, 61.96, 1.32, 52.80, 0.01, 0.48, 0.49, 0.30, 0.63, 0.63, 0.77, 0.39, 0.39, 0.07, 0.56, 0.58, 0.18, 4.67, -61.46, 1.00, 1.50, 0.02523, 0.59630
323271, 3, 0.50, 0.50, -1.08, -0.22, 52.66, 61.98, 1.32, 52.80, 0.01, 0.48, 0.48, 0.26, 0.63, 0.66, 0.58, 0.39, 0.39, 0.02, 0.56, 0.59, 0.12, 4.62, -61.48, 1.00, 1.50, 0.02523, 0.59865
323284, 3, 0.50, 0.50, -1.00, -0.43, 52.53, 61.99, 1.32, 52.80, 0.01, 0.48, 0.48, 0.21, 0.63, 0.66, 0.68, 0.39, 0.39, 0.04, 0.56, 0.56, 0.26, 4.59, -61.49, 1.00, 1.51, 0.02524, 0.60134
323298, 3, 0.50, 0.50, -0.93, -0.44, 52.43, 62.00, 1.32, 52.80, 0.01, 0.48, 0.49, 0.21, 0.63, 0.63, 0.61, 0.39, 0.39, 0.11, 0.56, 0.52, 0.23, 4.63, -61.50, 1.00, 1.51, 0.02525, 0.60341
323311, 3, 0.50, 0.50, -0.88, -0.57, 52.22, 62.01, 1.32, 52.80, 0.01, 0.48, 0.46, 0.12, 0.63, 0.62, 0.74, 0.39, 0.38, 0.12, 0.56, 0.55, 0.18, 4.76, -61.51, 1.00, 1.51, 0.02526, 0.60440
323324, 3, 0.50, 0.50, -0.85, -0.44, 51.98, 62.03, 1.32, 52.80, 0.01, 0.48, 0.42, 0.07, 0.63, 0.62, 0.75, 0.39, 0.41, 0.09, 0.56, 0.54, 0.21, 4.86, -61.53, 1.00, 1.51, 0.02527, 0.60462
323351, 3, 0.50, 0.50, -0.80, -0.26, 51.69, 62.04, 1.32, 52.80, 0.01, 0.48, 0.45, 0.12, 0.63, 0.59, 1.09, 0.39, 0.38, 0.23, 0.56, 0.52, 0.58, 5.08, -61.54, 1.00, 1.52, 0.02528, 0.60409
323359, 3, 0.50, 0.50, -0.76, -0.09, 51.39, 62.05, 1.32, 52.80, 0.01, 0.48, 0.45, 0.21, 0.63, 0.66, 0.91, 0.39, 0.39, 0.23, 0.56, 0.54, 0.56, 5.31, -61.55, 1.00, 1.52, 0.02529, 0.60296
323368, 3, 0.50, 0.50, -0.76, 0.14, 51.31, 62.06, 1.32, 52.80, 0.01, 0.48, 0.46, 0.18, 0.63, 0.65, 0.58, 0.39, 0.41, 0.12, 0.56, 0.54, 0.58, 5.61, -61.56, 1.00, 1.52, 0.02531, 0.60114
323383, 3, 0.50, 0.50, -0.74, 0.35, 51.16, 62.07, 1.32, 52.80, 0.01, 0.48, 0.52, 0.05, 0.63, 0.62, 1.16, 0.39, 0.41, 0.09, 0.56, 0.59, 0.35, 5.91, -61.57, 1.00, 1.51, 0.02532, 0.59769
323392, 3, 0.50, 0.50, -0.74, 0.38, 51.09, 62.08, 1.32, 52.80, 0.01, 0.48, 0.49, 0.14, 0.63, 0.70, 0.74, 0.39, 0.38, 0.19, 0.56, 0.58, 0.33, 5.99, -61.58, 1.00, 1.51, 0.02533, 0.59290
323404, 3, 0.50, 0.50, -0.83, 0.23, 51.09, 62.09, 1.32, 52.80, 0.01, 0.48, 0.46, 0.11, 0.63, 0.65, 0.40, 0.39, 0.39, 0.21, 0.56, 0.59, 0.21, 6.14, -61.59, 1.00, 1.51, 0.02534, 0.58824
323418, 3, 0.50, 0.50, -0.75, 0.22, 50.97, 62.10, 1.32, 52.80, 0.01, 0.48, 0.46, 0.23, 0.63, 0.61, 0.74, 0.39, 0.44, 0.07, 0.56, 0.58, 0.37, 6.21, -61.60, 1.00, 1.51, 0.02534, 0.58521
323431, 3, 0.50, 0.50, -0.92, 0.33, 50.92, 62.11, 1.32, 52.80, 0.01, 0.48, 0.49, 0.05, 0.63, 0.63, 0.68, 0.39, 0.45, 0.12, 0.56, 0.56, 0.39, 6.21, -61.61, 1.00, 1.51, 0.02535, 0.58431
323444, 3, 0.50, 0.50, -0.75, 0.09, 50.94, 62.12, 1.32, 52.80, 0.01, 0.48, 0.48, 0.07, 0.63, 0.62, 0.81, 0.39, 0.41, 0.11, 0.56, 0.56, 0.33, 6.33, -61.62, 1.00, 1.51, 0.02536, 0.58468
323458, 3, 0.50, 0.50, -0.70, 0.08, 51.12, 62.13, 1.32, 52.80, 0.01, 0.48, 0.48, 0.16, 0.63, 0.65, 0.75, 0.39, 0.41, 0.09, 0.56, 0.56, 0.33, 6.38, -61.63, 1.00, 1.51, 0.02537, 0.58477
323471, 3, 0.50, 0.50, -0.71, 0.04, 51.29, 62.14, 1.32, 52.80, 0.01, 0.48, 0.52, 0.09, 0.63, 0.63, 0.72, 0.39, 0.42, 0.16, 0.56, 0.56, 0.37, 6.35, -61.64, 1.00, 1.51, 0.02537, 0.58348
323484, 3, 0.50, 0.50, -0.83, -0.04, 51.48, 62.15, 1.32, 52.80, 0.01, 0.48, 0.48, 0.16, 0.63, 0.65, 0.86, 0.39, 0.42, 0.25, 0.56, 0.56, 0.40, 6.17, -61.65, 1.00, 1.51, 0.02538, 0.58153
323498, 3, 0.50, 0.50, -0.89, -0.08, 51.67, 62.16, 1.32, 52.80, 0.01, 0.48, 0.45, 0.16, 0.63, 0.65, 0.68, 0.39, 0.37, 0.14, 0.56, 0.56, 0.42, 6.01, -61.66, 1.00, 1.51, 0.02538, 0.58060
323511, 3, 0.50, 0.50, -1.08, 0.02, 51.92, 62.17, 1.32, 52.80, 0.01, 0.48, 0.52, 0.07, 0.63, 0.62, 0.82, 0.39, 0.37, 0.02, 0.56, 0.59, 0.14, 5.82, -61.67, 1.00, 1.51, 0.02538, 0.58211
323524, 3, 0.50, 0.50, -0.93, -0.04, 52.06, 62.19, 1.32, 52.80, 0.01, 0.48, 0.49, 0.19, 0.63, 0.69, 0.65, 0.39, 0.39, 0.02, 0.56, 0.59, 0.26, 5.63, -61.69, 1.00, 1.51, 0.02538, 0.58521
323538, 3, 0.50, 0.50, -0.86, -0.19, 52.23, 62.20, 1.32, 52.80, 0.01, 0.48, 0.49, 0.25, 0.63, 0.62, 0.75, 0.39, 0.39, 0.02, 0.56, 0.62, 0.19, 5.38, -61.70, 1.00, 1.51, 0.02539, 0.58857
323551, 3, 0.50, 0.50, -0.83, -0.22, 52.17, 62.21, 1.32, 52.80, 0.01, 0.48, 0.49, 0.25, 0.63, 0.69, 0.33, 0.39, 0.39, 0.02, 0.56, 0.58, 0.18, 5.24, -61.71, 1.00, 1.52, 0.02539, 0.59185
323564, 3, 0.50, 0.50, -0.90, -0.50, 52.09, 62.22, 1.32, 52.80, 0.01, 0.48, 0.51, 0.19, 0.63, 0.66, 0.37, 0.39, 0.38, 0.07, 0.56, 0.56, 0.19, 5.06, -61.72, 1.00, 1.52, 0.02540, 0.59581
323578, 3, 0.50, 0.50, -0.81, -0.54, 51.91, 62.23, 1.32, 52.80, 0.01, 0.48, 0.48, 0.28, 0.63, 0.63, 0.46, 0.39, 0.39, 0.09, 0.56, 0.56, 0.19, 5.13, -61.73, 1.00, 1.53, 0.02541, 0.60016
323591, 3, 0.50, 0.50, -0.75, -0.46, 51.80, 62.24, 1.32, 52.80, 0.01, 0.48, 0.48, 0.23, 0.63, 0.63, 0.42, 0.39, 0.39, 0.09, 0.56, 0.54, 0.21, 5.21, -61.74, 1.00, 1.53, 0.02542, 0.60357
323604, 3, 0.50, 0.50, -1.06, -0.52, 51.71, 62.26, 1.32, 52.80, 0.01, 0.48, 0.44, 0.18, 0.63, 0.63, 0.40, 0.39, 0.39, 0.14, 0.56, 0.54, 0.25, 5.38, -61.76, 1.00, 1.54, 0.02543, 0.60447
323618, 3, 0.50, 0.50, -1.13, -0.60, 51.41, 62.27, 1.32, 52.80, 0.01, 0.48, 0.44, 0.04, 0.63, 0.61, 0.54, 0.39, 0.38, 0.32, 0.56, 0.52, 0.28, 5.50, -61.77, 1.00, 1.54, 0.02543, 0.60266
323710, 3, 0.50, 0.50, -0.80, -0.34, 51.67, 62.29, 1.32, 52.80, 0.01, 0.48, 0.49, 0.23, 0.63, 0.65, 0.60, 0.39, 0.42, 0.23, 0.56, 0.58, 0.82, 5.58, -61.79, 1.00, 1.54, 0.02545, 0.60009
323719, 3, 0.50, 0.50, -0.49, -0.06, 51.92, 62.29, 1.32, 52.80, 0.01, 0.48, 0.52, 0.14, 0.63, 0.65, 0.61, 0.39, 0.41, 0.26, 0.56, 0.59, 0.79, 5.89, -61.79, 1.00, 1.53, 0.02545, 0.59652
323727, 3, 0.50, 0.50, -0.81, 0.18, 52.33, 62.30, 1.32, 52.80, 0.01, 0.48, 0.52, 0.07, 0.63, 0.75, 0.28, 0.39, 0.42, 0.19, 0.56, 0.65, 0.51, 5.63, -61.80, 1.00, 1.53, 0.02545, 0.59186
323741, 3, 0.50, 0.50, -0.95, -0.11, 52.67, 62.32, 1.32, 52.80, 0.01, 0.48, 0.52, 0.16, 0.63, 0.62, 0.32, 0.39, 0.45, 0.04, 0.56, 0.59, 0.30, 5.38, -61.82, 1.00, 1.52, 0.02545, 0.58697
323751, 3, 0.50, 0.50, -0.93, -0.16, 52.89, 62.33, 1.32, 52.80, 0.01, 0.48, 0.49, 0.16, 0.63, 0.63, 0.35, 0.39, 0.45, 0.09, 0.56, 0.62, 0.40, 4.97, -61.83, 1.00, 1.52, 0.02545, 0.58540
323764, 3, 0.50, 0.50, -0.84, -0.12, 53.07, 62.34, 1.32, 52.80, 0.01, 0.48, 0.51, 0.02, 0.63, 0.66, 0.19, 0.39, 0.44, 0.11, 0.56, 0.56, 0.30, 4.63, -61.84, 1.00, 1.52, 0.02545, 0.58949
323778, 3, 0.50, 0.50, -0.90, -0.40, 53.35, 62.35, 1.32, 52.80, 0.01, 0.48, 0.49, 0.09, 0.63, 0.63, 0.30, 0.39, 0.41, 0.07, 0.56, 0.56, 0.28, 4.40, -61.85, 1.00, 1.53, 0.02545, 0.59755
323791, 3, 0.50, 0.50, -0.89, -0.21, 53.47, 62.36, 1.32, 52.80, 0.01, 0.48, 0.52, 0.05, 0.63, 0.66, 0.25, 0.39, 0.39, 0.04, 0.56, 0.61, 0.18, 4.22, -61.86, 1.00, 1.54, 0.02545, 0.60485
323804, 3, 0.50, 0.50, -0.76, -0.36, 53.59, 62.37, 1.32, 52.80, 0.01, 0.48, 0.51, 0.23, 0.63, 0.62, 0.46, 0.39, 0.38, 0.02, 0.56, 0.56, 0.23, 3.95, -61.87, 1.00, 1.54, 0.02545, 0.60921
323818, 3, 0.50, 0.50, -0.83, -0.64, 53.63, 62.39, 1.32, 52.80, 0.01, 0.48, 0.49, 0.26, 0.63, 0.63, 0.26, 0.39, 0.41, 0.04, 0.56, 0.59, 0.16, 3.83, -61.89, 1.00, 1.55, 0.02545, 0.61193
323831, 3, 0.50, 0.50, -0.83, -0.65, 53.52, 62.40, 1.32, 52.80, 0.01, 0.48, 0.48, 0.16, 0.63, 0.79, 0.42, 0.39, 0.42, 0.04, 0.56, 0.59, 0.18, 3.71, -61.90, 1.00, 1.55, 0.02546, 0.61444
323844, 3, 0.50, 0.50, -0.85, -0.83, 53.35, 62.41, 1.32, 52.80, 0.01, 0.48, 0.49, 0.14, 0.63, 0.56, 0.39, 0.39, 0.39, 0.12, 0.56, 0.58, 0.18, 3.67, -61.91, 1.00, 1.55, 0.02546, 0.61764
323858, 3, 0.50, 0.50, -0.99, -1.15, 53.04, 62.43, 1.32, 52.80, 0.01, 0.48, 0.49, 0.11, 0.63, 0.54, 0.28, 0.39, 0.39, 0.07, 0.56, 0.55, 0.21, 3.78, -61.93, 1.00, 1.56, 0.02547, 0.62067
323871, 3, 0.50, 0.50, -0.88, -1.15, 52.33, 62.44, 1.32, 52.80, 0.01, 0.48, 0.46, 0.02, 0.63, 0.65, 0.14, 0.39, 0.39, 0.09, 0.56, 0.54, 0.25, 3.94, -61.94, 1.00, 1.56, 0.02548, 0.62283
323884, 3, 0.50, 0.50, -0.98, -1.02, 51.67, 62.46, 1.32, 52.80, 0.01, 0.48, 0.45, 0.12, 0.63, 0.59, 0.37, 0.39, 0.39, 0.18, 0.56, 0.51, 0.30, 4.26, -61.96, 1.00, 1.57, 0.02551, 0.62478
323898, 3, 0.50, 0.50, -0.95, -0.93, 51.07, 62.47, 1.32, 52.80, 0.01, 0.48, 0.45, 0.28, 0.63, 0.58, 0.46, 0.39, 0.37, 0.37, 0.56, 0.51, 0.54, 4.97, -61.97, 1.00, 1.57, 0.02553, 0.62563
323911, 3, 0.50, 0.50, -0.86, -0.63, 50.51, 62.48, 1.32, 52.80, 0.01, 0.48, 0.46, 0.25, 0.63, 0.61, 0.37, 0.39, 0.37, 0.46, 0.56, 0.49, 0.84, 5.63, -61.98, 1.00, 1.57, 0.02555, 0.62283
323924, 3, 0.50, 0.50, -0.82, -0.30, 50.10, 62.49, 1.32, 52.80, 0.01, 0.48, 0.46, 0.25, 0.63, 0.61, 0.49, 0.39, 0.37, 0.49, 0.56, 0.52, 0.88, 6.22, -61.99, 1.00, 1.57, 0.02557, 0.61502
323938, 3, 0.50, 0.50, -0.85, 0.06, 50.03, 62.50, 1.32, 52.80, 0.01, 0.48, 0.46, 0.44, 0.63, 0.58, 0.70, 0.39, 0.39, 0.49, 0.56, 0.52, 0.88, 6.78, -62.00, 1.00, 1.56, 0.02559, 0.60349
323951, 3, 0.50, 0.50, -0.77, 0.31, 50.06, 62.51, 1.32, 52.80, 0.01, 0.48, 0.46, 0.44, 0.63, 0.62, 0.53, 0.39, 0.42, 0.40, 0.56, 0.54, 0.96, 7.19, -62.01, 1.00, 1.55, 0.02560, 0.59099
323964, 3, 0.50, 0.50, -0.89, 0.36, 50.30, 62.53, 1.32, 52.80, 0.01, 0.48, 0.48, 0.49, 0.63, 0.68, 0.30, 0.39, 0.41, 0.47, 0.56, 0.56, 0.93, 7.27, -62.03, 1.00, 1.54, 0.02561, 0.58027
323978, 3, 0.50, 0.50, -0.97, 0.41, 50.58, 62.54, 1.32, 52.80, 0.01, 0.48, 0.49, 0.30, 0.63, 0.62, 0.44, 0.39, 0.45, 0.11, 0.56, 0.56, 0.95, 7.23, -62.04, 1.00, 1.53, 0.02561, 0.57252
324004, 3, 0.50, 0.50, -1.06, 0.33, 51.21, 62.55, 1.32, 52.80, 0.01, 0.48, 0.51, 0.16, 0.63, 0.65, 0.32, 0.39, 0.41, 0.18, 0.56, 0.55, 0.63, 6.99, -62.05, 1.00, 1.53, 0.02561, 0.56876
324012, 3, 0.50, 0.50, -0.64, 0.02, 51.75, 62.56, 1.32, 52.80, 0.01, 0.48, 0.51, 0.11, 0.63, 0.65, 0.21, 0.39, 0.38, 0.21, 0.56, 0.61, 0.65, 6.72, -62.06, 1.00, 1.53, 0.02561, 0.56859
324021, 3, 0.50, 0.50, -1.06, 0.27, 52.41, 62.57, 1.32, 52.80, 0.01, 0.48, 0.51, 0.19, 0.63, 0.65, 0.21, 0.39, 0.42, 0.16, 0.56, 0.62, 0.33, 6.09, -62.07, 1.00, 1.53, 0.02560, 0.57105
324036, 3, 0.50, 0.50, -1.18, 0.02, 52.71, 62.59, 1.32, 52.80, 0.01, 0.48, 0.55, 0.05, 0.63, 0.68, 0.07, 0.39, 0.42, 0.02, 0.56, 0.61, 0.39, 5.54, -62.09, 1.00, 1.53, 0.02559, 0.57556
324045, 3, 0.50, 0.50, -0.94, -0.34, 52.99, 62.60, 1.32, 52.80, 0.01, 0.48, 0.54, 0.11, 0.63, 0.65, 0.14, 0.39, 0.38, 0.18, 0.56, 0.63, 0.18, 4.88, -62.10, 1.00, 1.54, 0.02559, 0.58371
324058, 3, 0.50, 0.50, -0.89, -0.52, 53.31, 62.61, 1.32, 52.80, 0.01, 0.48, 0.52, 0.09, 0.63, 0.59, 0.14, 0.39, 0.39, 0.18, 0.56, 0.56, 0.19, 4.58, -62.11, 1.00, 1.55, 0.02559, 0.59501
324071, 3, 0.50, 0.50, -0.97, -0.48, 53.22, 62.63, 1.32, 52.80, 0.01, 0.48, 0.51, 0.26, 0.63, 0.68, 0.51, 0.39, 0.42, 0.07, 0.56, 0.58, 0.19, 4.31, -62.13, 1.00, 1.56, 0.02559, 0.60579
324084, 3, 0.50, 0.50, -0.94, -0.72, 53.06, 62.64, 1.32, 52.80, 0.01, 0.48, 0.48, 0.28, 0.63, 0.66, 0.16, 0.39, 0.41, 0.04, 0.56, 0.58, 0.19, 3.98, -62.14, 1.00, 1.57, 0.02560, 0.61396
324098, 3, 0.50, 0.50, -0.88, -0.62, 52.96, 62.65, 1.32, 52.80, 0.01, 0.48, 0.48, 0.21, 0.63, 0.62, 0.30, 0.39, 0.38, 0.19, 0.56, 0.58, 0.25, 4.07, -62.15, 1.00, 1.58, 0.02561, 0.61956
324111, 3, 0.50, 0.50, -0.93, -0.75, 52.84, 62.67, 1.32, 52.80, 0.01, 0.48, 0.49, 0.19, 0.63, 0.86, 0.37, 0.39, 0.38, 0.19, 0.56, 0.55, 0.23, 4.24, -62.17, 1.00, 1.58, 0.02561, 0.62297
324124, 3, 0.50, 0.50, -0.74, -0.88, 52.70, 62.68, 1.32, 52.80, 0.01, 0.48, 0.48, 0.18, 0.63, 0.54, 0.33, 0.39, 0.41, 0.14, 0.56, 0.58, 0.14, 4.33, -62.18, 1.00, 1.58, 0.02562, 0.62324
324138, 3, 0.50, 0.50, -0.92, -0.69, 52.60, 62.69, 1.32, 52.80, 0.01, 0.48, 0.46, 0.07, 0.63, 0.51, 0.19, 0.39, 0.39, 0.21, 0.56, 0.56, 0.26, 4.45, -62.19, 1.00, 1.58, 0.02563, 0.62039
324151, 3, 0.50, 0.50, -0.75, -0.66, 52.02, 62.70, 1.32, 52.80, 0.01, 0.48, 0.46, 0.02, 0.63, 0.58, 0.11, 0.39, 0.35, 0.49, 0.56, 0.51, 0.28, 4.59, -62.20, 1.00, 1.58, 0.02564, 0.61638
324164, 3, 0.50, 0.50, -0.69, -0.66, 51.58, 62.71, 1.32, 52.80, 0.01, 0.48, 0.45, 0.12, 0.63, 0.59, 0.18, 0.39, 0.37, 0.56, 0.56, 0.54, 0.35, 4.69, -62.21, 1.00, 1.58, 0.02566, 0.61539
324178, 3, 0.50, 0.50, -0.86, -0.49, 51.07, 62.73, 1.32, 52.80, 0.01, 0.48, 0.44, 0.30, 0.63, 0.59, 0.26, 0.39, 0.38, 0.53, 0.56, 0.49, 0.53, 5.27, -62.23, 1.00, 1.58, 0.02568, 0.61693
324191, 3, 0.50, 0.50, -0.84, -0.25, 50.61, 62.74, 1.32, 52.80, 0.01, 0.48, 0.46, 0.26, 0.63, 0.63, 0.19, 0.39, 0.39, 0.54, 0.56, 0.49, 0.86, 5.72, -62.24, 1.00, 1.59, 0.02570, 0.61718
324204, 3, 0.50, 0.50, -0.99, 0.04, 50.24, 62.75, 1.32, 52.80, 0.01, 0.48, 0.48, 0.25, 0.63, 0.55, 0.61, 0.39, 0.41, 0.49, 0.56, 0.52, 0.86, 6.23, -62.25, 1.00, 1.59, 0.02572, 0.61330
324218, 3, 0.50, 0.50, -0.94, 0.25, 49.89, 62.76, 1.32, 52.80, 0.01, 0.48, 0.45, 0.51, 0.63, 0.58, 0.65, 0.39, 0.38, 0.67, 0.56, 0.55, 0.84, 6.69, -62.26, 1.00, 1.58, 0.02573, 0.60557
324231, 3, 0.50, 0.50, -1.05, 0.56, 49.88, 62.78, 1.32, 52.80, 0.01, 0.48, 0.48, 0.39, 0.63, 0.61, 0.74, 0.39, 0.41, 0.53, 0.56, 0.56, 0.79, 7.06, -62.28, 1.00, 1.57, 0.02575, 0.59676
324244, 3, 0.50, 0.50, -1.06, 0.73, 49.81, 62.79, 1.32, 52.80, 0.01, 0.48, 0.51, 0.28, 0.63, 0.61, 0.70, 0.39, 0.44, 0.25, 0.56, 0.58, 0.79, 7.41, -62.29, 1.00, 1.57, 0.02576, 0.58857
324321, 3, 0.50, 0.50, -1.07, 0.35, 50.17, 62.80, 1.32, 52.80, 0.01, 0.48, 0.49, 0.12, 0.63, 0.65, 0.68, 0.39, 0.44, 0.07, 0.56, 0.58, 0.32, 7.42, -62.30, 1.00, 1.56, 0.02577, 0.58169
324330, 3, 0.50, 0.50, -1.03, 0.20, 50.58, 62.82, 1.32, 52.80, 0.01, 0.48, 0.49, 0.07, 0.63, 0.66, 0.56, 0.39, 0.45, 0.14, 0.56, 0.62, 0.28, 7.48, -62.32, 1.00, 1.56, 0.02577, 0.57549
324357, 3, 0.50, 0.50, -1.06, -0.15, 50.94, 62.83, 1.32, 52.80, 0.01, 0.48, 0.48, 0.18, 0.63, 0.63, 0.61, 0.39, 0.39, 0.12, 0.56, 0.55, 0.37, 7.13, -62.33, 1.00, 1.55, 0.02577, 0.57136
324366, 3, 0.50, 0.50, -1.01, -0.68, 51.04, 62.84, 1.32, 52.80, 0.01, 0.48, 0.49, 0.05, 0.63, 0.63, 0.49, 0.39, 0.39, 0.05, 0.56, 0.59, 0.11, 6.72, -62.34, 1.00, 1.55, 0.02577, 0.57097
324378, 3, 0.50, 0.50, -0.98, -0.41, 51.14, 62.86, 1.32, 52.80, 0.01, 0.48, 0.49, 0.09, 0.63, 0.61, 0.61, 0.39, 0.42, 0.18, 0.56, 0.56, 0.18, 6.36, -62.36, 1.00, 1.56, 0.02577, 0.57606
324392, 3, 0.50, 0.50, -0.98, -0.60, 51.22, 62.87, 1.32, 52.80, 0.01, 0.48, 0.52, 0.16, 0.63, 0.66, 0.33, 0.39, 0.41, 0.18, 0.56, 0.59, 0.05, 6.25, -62.37, 1.00, 1.57, 0.02578, 0.58520
324404, 3, 0.50, 0.50, -0.96, -0.67, 51.25, 62.89, 1.32, 52.80, 0.01, 0.48, 0.48, 0.18, 0.63, 0.65, 0.39, 0.39, 0.38, 0.09, 0.56, 0.58, 0.19, 6.16, -62.39, 1.00, 1.58, 0.02578, 0.59402
324418, 3, 0.50, 0.50, -0.99, -0.76, 51.13, 62.90, 1.32, 52.80, 0.01, 0.48, 0.51, 0.16, 0.63, 0.62, 0.49, 0.39, 0.38, 0.05, 0.56, 0.55, 0.23, 6.07, -62.40, 1.00, 1.58, 0.02579, 0.59894
324431, 3, 0.50, 0.50, -0.92, -0.76, 50.85, 62.91, 1.32, 52.80, 0.01, 0.48, 0.46, 0.18, 0.63, 0.63, 0.46, 0.39, 0.39, 0.05, 0.56, 0.54, 0.14, 6.04, -62.41, 1.00, 1.58, 0.02580, 0.60039
324444, 3, 0.50, 0.50, -0.89, -0.71, 50.67, 62.93, 1.32, 52.80, 0.01, 0.48, 0.44, 0.04, 0.63, 0.62, 0.47, 0.39, 0.37, 0.21, 0.56, 0.56, 0.19, 6.17, -62.43, 1.00, 1.59, 0.02582, 0.60161
324458, 3, 0.50, 0.50, -0.92, -0.75, 50.46, 62.94, 1.32, 52.80, 0.01, 0.48, 0.45, 0.09, 0.63, 0.61, 0.60, 0.39, 0.38, 0.16, 0.56, 0.51, 0.26, 6.44, -62.44, 1.00, 1.59, 0.02583, 0.60283
324471, 3, 0.50, 0.50, -0.91, -0.54, 50.21, 62.95, 1.32, 52.80, 0.01, 0.48, 0.46, 0.09, 0.63, 0.63, 0.49, 0.39, 0.39, 0.14, 0.56, 0.49, 0.60, 6.63, -62.45, 1.00, 1.59, 0.02584, 0.60223
324484, 3, 0.50, 0.50, -0.85, -0.34, 50.00, 62.97, 1.32, 52.80, 0.01, 0.48, 0.45, 0.23, 0.63, 0.62, 0.58, 0.39, 0.38, 0.25, 0.56, 0.51, 0.75, 6.84, -62.47, 1.00, 1.59, 0.02585, 0.59910
324498, 3, 0.50, 0.50, -0.74, -0.25, 49.92, 62.98, 1.32, 52.80, 0.01, 0.48, 0.46, 0.26, 0.63, 0.59, 0.75, 0.39, 0.38, 0.28, 0.56, 0.51, 0.77, 7.09, -62.48, 1.00, 1.59, 0.02587, 0.59502
324511, 3, 0.50, 0.50, -0.83, -0.04, 49.98, 62.99, 1.32, 52.80, 0.01, 0.48, 0.48, 0.25, 0.63, 0.65, 0.61, 0.39, 0.41, 0.26, 0.56, 0.55, 0.74, 7.30, -62.49, 1.00, 1.59, 0.02588, 0.59106
324524, 3, 0.50, 0.50, -0.90, 0.17, 50.07, 63.00, 1.32, 52.80, 0.01, 0.48, 0.46, 0.33, 0.63, 0.61, 0.65, 0.39, 0.41, 0.18, 0.56, 0.55, 0.75, 7.38, -62.50, 1.00, 1.58, 0.02589, 0.58687
324538, 3, 0.50, 0.50, -0.90, 0.19, 50.14, 63.01, 1.32, 52.80, 0.01, 0.48, 0.46, 0.37, 0.63, 0.61, 0.70, 0.39, 0.42, 0.07, 0.56, 0.56, 0.82, 7.31, -62.51, 1.00, 1.58, 0.02589, 0.58266
324551, 3, 0.50, 0.50, -0.92, 0.39, 50.45, 63.02, 1.32, 52.80, 0.01, 0.48, 0.49, 0.28, 0.63, 0.66, 0.51, 0.39, 0.44, 0.05, 0.56, 0.56, 0.79, 7.23, -62.52, 1.00, 1.58, 0.02590, 0.58018
324564, 3, 0.50, 0.50, -0.86, 0.26, 50.81, 63.03, 1.32, 52.80, 0.01, 0.48, 0.49, 0.16, 0.63, 0.62, 0.61, 0.39, 0.39, 0.07, 0.56, 0.58, 0.75, 7.16, -62.53, 1.00, 1.58, 0.02590, 0.57989
324578, 3, 0.50, 0.50, -0.94, 0.21, 51.19, 63.04, 1.32, 52.80, 0.01, 0.48, 0.49, 0.23, 0.63, 0.65, 0.65, 0.39, 0.42, 0.07, 0.56, 0.59, 0.67, 6.85, -62.54, 1.00, 1.58, 0.02590, 0.58061
324591, 3, 0.50, 0.50, -0.98, 0.24, 51.65, 63.06, 1.32, 52.80, 0.01, 0.48, 0.51, 0.11, 0.63, 0.65, 0.56, 0.39, 0.44, 0.11, 0.56, 0.59, 0.61, 6.49, -62.56, 1.00, 1.58, 0.02590, 0.58165
324604, 3, 0.50, 0.50, -0.95, 0.12, 52.05, 63.07, 1.32, 52.80, 0.01, 0.48, 0.51, 0.09, 0.63, 0.66, 0.60, 0.39, 0.42, 0.21, 0.56, 0.58, 0.47, 6.10, -62.57, 1.00, 1.58, 0.02590, 0.58386
324618, 3, 0.50, 0.50, -1.00, 0.06, 52.49, 63.08, 1.32, 52.80, 0.01, 0.48, 0.51, 0.14, 0.63, 0.65, 0.53, 0.39, 0.39, 0.14, 0.56, 0.65, 0.11, 5.64, -62.58, 1.00, 1.59, 0.02590, 0.58833
324631, 3, 0.50, 0.50, -0.96, -0.02, 52.65, 63.09, 1.32, 52.80, 0.01, 0.48, 0.49, 0.12, 0.63, 0.62, 0.70, 0.39, 0.39, 0.12, 0.56, 0.61, 0.33, 5.24, -62.59, 1.00, 1.59, 0.02589, 0.59450
324658, 3, 0.50, 0.50, -0.92, -0.17, 52.63, 63.11, 1.32, 52.80, 0.01, 0.48, 0.46, 0.12, 0.63, 0.59, 0.74, 0.39, 0.42, 0.14, 0.56, 0.55, 0.23, 4.80, -62.61, 1.00, 1.60, 0.02589, 0.60187
324671, 3, 0.50, 0.50, -1.15, 0.03, 52.39, 63.12, 1.32, 52.80, 0.01, 0.48, 0.45, 0.11, 0.63, 0.65, 0.60, 0.39, 0.38, 0.07, 0.56, 0.58, 0.02, 4.65, -62.62, 1.00, 1.61, 0.02590, 0.61028
324684, 3, 0.50, 0.50, -0.98, -0.37, 51.90, 63.14, 1.32, 52.80, 0.01, 0.48, 0.49, 0.02, 0.63, 0.65, 0.58, 0.39, 0.38, 0.04, 0.56, 0.59, 0.11, 4.66, -62.64, 1.00, 1.62, 0.02591, 0.61910
324700, 3, 0.50, 0.50, -1.06, -0.24, 51.52, 63.15, 1.32, 52.80, 0.01, 0.48, 0.48, 0.16, 0.63, 0.63, 0.70, 0.39, 0.38, 0.04, 0.56, 0.54, 0.32, 4.91, -62.65, 1.00, 1.63, 0.02593, 0.62616
324711, 3, 0.50, 0.50, -1.09, -0.51, 51.08, 63.17, 1.32, 52.80, 0.01, 0.48, 0.45, 0.14, 0.63, 0.62, 0.68, 0.39, 0.41, 0.12, 0.56, 0.55, 0.33, 5.39, -62.67, 1.00, 1.63, 0.02595, 0.62855
324724, 3, 0.50, 0.50, -1.09, -0.53, 50.51, 63.18, 1.32, 52.80, 0.01, 0.48, 0.46, 0.12, 0.63, 0.62, 0.65, 0.39, 0.39, 0.05, 0.56, 0.62, 0.18, 5.77, -62.68, 1.00, 1.63, 0.02596, 0.62547
324738, 3, 0.50, 0.50, -1.01, -0.39, 49.96, 63.20, 1.32, 52.80, 0.01, 0.48, 0.46, 0.09, 0.63, 0.62, 0.81, 0.39, 0.39, 0.05, 0.56, 0.45, 0.30, 6.22, -62.70, 1.00, 1.63, 0.02598, 0.61902
324751, 3, 0.50, 0.50, -1.03, -0.44, 49.55, 63.21, 1.32, 52.80, 0.01, 0.48, 0.45, 0.35, 0.63, 0.62, 0.68, 0.39, 0.39, 0.11, 0.56, 0.55, 0.30, 6.78, -62.71, 1.00, 1.63, 0.02601, 0.61215
324764, 3, 0.50, 0.50, -0.96, -0.32, 49.20, 63.22, 1.32, 52.80, 0.01, 0.48, 0.45, 0.44, 0.63, 0.63, 0.63, 0.39, 0.39, 0.14, 0.56, 0.55, 0.28, 7.34, -62.72, 1.00, 1.62, 0.02602, 0.60543
324778, 3, 0.50, 0.50, -0.93, -0.24, 48.88, 63.24, 1.32, 52.80, 0.01, 0.48, 0.48, 0.32, 0.63, 0.59, 0.95, 0.39, 0.41, 0.05, 0.56, 0.52, 0.53, 7.75, -62.74, 1.00, 1.62, 0.02604, 0.59805
324791, 3, 0.50, 0.50, -0.94, -0.29, 48.84, 63.25, 1.32, 52.80, 0.01, 0.48, 0.49, 0.30, 0.63, 0.62, 0.89, 0.39, 0.41, 0.07, 0.56, 0.54, 0.53, 8.09, -62.75, 1.00, 1.61, 0.02606, 0.58994
324804, 3, 0.50, 0.50, -0.85, -0.03, 49.01, 63.26, 1.32, 52.80, 0.01, 0.48, 0.46, 0.23, 0.63, 0.65, 0.72, 0.39, 0.42, 0.00, 0.56, 0.59, 0.33, 8.41, -62.76, 1.00, 1.60, 0.02607, 0.58199
324818, 3, 0.50, 0.50, -0.94, 0.03, 49.25, 63.27, 1.32, 52.80, 0.01, 0.48, 0.49, 0.37, 0.63, 0.62, 0.84, 0.39, 0.39, 0.04, 0.56, 0.55, 0.47, 8.46, -62.77, 1.00, 1.60, 0.02608, 0.57505
324831, 3, 0.50, 0.50, -0.78, 0.10, 49.50, 63.28, 1.32, 52.80, 0.01, 0.48, 0.48, 0.19, 0.63, 0.63, 0.77, 0.39, 0.44, 0.14, 0.56, 0.55, 0.42, 8.29, -62.78, 1.00, 1.59, 0.02608, 0.56960
324907, 3, 0.50, 0.50, -0.89, 0.10, 50.14, 63.29, 1.32, 52.80, 0.01, 0.48, 0.51, 0.05, 0.63, 0.63, 0.77, 0.39, 0.39, 0.07, 0.56, 0.56, 0.47, 8.04, -62.79, 1.00, 1.59, 0.02608, 0.56707
324915, 3, 0.50, 0.50, -0.84, 0.04, 50.71, 63.31, 1.32, 52.80, 0.01, 0.48, 0.54, 0.07, 0.63, 0.65, 0.70, 0.39, 0.39, 0.11, 0.56, 0.65, 0.23, 7.80, -62.81, 1.00, 1.59, 0.02608, 0.56755
324924, 3, 0.50, 0.50, -0.78, 0.13, 51.29, 63.32, 1.32, 52.80, 0.01, 0.48, 0.51, 0.07, 0.63, 0.70, 0.40, 0.39, 0.39, 0.11, 0.56, 0.63, 0.05, 7.16, -62.82, 1.00, 1.59, 0.02607, 0.57032
324938, 3, 0.50, 0.50, -0.99, -0.04, 51.83, 63.33, 1.32, 52.80, 0.01, 0.48, 0.48, 0.16, 0.63, 0.61, 0.61, 0.39, 0.38, 0.05, 0.56, 0.59, 0.26, 6.59, -62.83, 1.00, 1.60, 0.02607, 0.57479
324951, 3, 0.50, 0.50, -0.80, -0.04, 51.76, 63.34, 1.32, 52.80, 0.01, 0.48, 0.52, 0.14, 0.63, 0.63, 0.63, 0.39, 0.39, 0.04, 0.56, 0.59, 0.19, 6.01, -62.84, 1.00, 1.60, 0.02606, 0.58190
324964, 3, 0.50, 0.50, -0.96, -0.09, 51.98, 63.35, 1.32, 52.80, 0.01, 0.48, 0.49, 0.23, 0.63, 0.69, 0.16, 0.39, 0.39, 0.04, 0.56, 0.56, 0.18, 5.46, -62.85, 1.00, 1.62, 0.02607, 0.59355
324978, 3, 0.50, 0.50, -1.08, -0.39, 52.05, 63.37, 1.32, 52.80, 0.01, 0.48, 0.51, 0.19, 0.63, 0.62, 0.47, 0.39, 0.39, 0.07, 0.56, 0.58, 0.18, 5.54, -62.87, 1.00, 1.63, 0.02607, 0.60629
324991, 3, 0.50, 0.50, -1.14, -0.20, 51.76, 63.38, 1.32, 52.80, 0.01, 0.48, 0.48, 0.09, 0.63, 0.66, 0.35, 0.39, 0.39, 0.05, 0.56, 0.58, 0.16, 5.32, -62.88, 1.00, 1.64, 0.02608, 0.61519
325018, 3, 0.50, 0.50, -0.97, -0.45, 51.25, 63.40, 1.32, 52.80, 0.01, 0.48, 0.45, 0.19, 0.63, 0.58, 0.91, 0.39, 0.39, 0.16, 0.56, 0.54, 0.23, 5.25, -62.90, 1.00, 1.65, 0.02609, 0.61935
325031, 3, 0.50, 0.50, -1.19, -0.18, 51.08, 63.41, 1.32, 52.80, 0.01, 0.48, 0.46, 0.19, 0.63, 0.65, 0.58, 0.39, 0.39, 0.07, 0.56, 0.59, 0.05, 5.54, -62.91, 1.00, 1.65, 0.02611, 0.62170
325044, 3, 0.50, 0.50, -1.24, -0.16, 50.84, 63.43, 1.32, 52.80, 0.01, 0.48, 0.48, 0.14, 0.63, 0.56, 0.95, 0.39, 0.41, 0.14, 0.56, 0.46, 0.30, 6.04, -62.93, 1.00, 1.65, 0.02612, 0.62221
325059, 3, 0.50, 0.50, -1.31, -0.01, 50.60, 63.45, 1.32, 52.80, 0.01, 0.48, 0.46, 0.30, 0.63, 0.62, 0.81, 0.39, 0.39, 0.18, 0.56, 0.59, 0.16, 6.21, -62.95, 1.00, 1.65, 0.02614, 0.61920
325071, 3, 0.50, 0.50, -1.11, -0.04, 50.51, 63.46, 1.32, 52.80, 0.01, 0.48, 0.46, 0.40, 0.63, 0.61, 0.81, 0.39, 0.39, 0.21, 0.56, 0.52, 0.37, 6.46, -62.96, 1.00, 1.65, 0.02615, 0.61224
325084, 3, 0.50, 0.50, -0.93, 0.31, 50.56, 63.47, 1.32, 52.80, 0.01, 0.48, 0.46, 0.44, 0.63, 0.59, 1.00, 0.39, 0.42, 0.07, 0.56, 0.56, 0.33, 6.70, -62.97, 1.00, 1.64, 0.02616, 0.60429
325098, 3, 0.50, 0.50, -0.85, 0.41, 50.68, 63.48, 1.32, 52.80, 0.01, 0.48, 0.48, 0.37, 0.63, 0.65, 0.86, 0.39, 0.41, 0.02, 0.56, 0.55, 0.30, 6.79, -62.98, 1.00, 1.64, 0.02617, 0.59884
325111, 3, 0.50, 0.50, -1.00, 0.27, 50.84, 63.50, 1.32, 52.80, 0.01, 0.48, 0.48, 0.40, 0.63, 0.63, 0.93, 0.39, 0.41, 0.05, 0.56, 0.56, 0.30, 6.74, -63.00, 1.00, 1.63, 0.02617, 0.59530
325124, 3, 0.50, 0.50, -0.81, 0.39, 50.96, 63.51, 1.32, 52.80, 0.01, 0.48, 0.49, 0.26, 0.63, 0.66, 0.75, 0.39, 0.42, 0.04, 0.56, 0.56, 0.37, 6.62, -63.01, 1.00, 1.63, 0.02618, 0.59291
325138, 3, 0.50, 0.50, -1.04, 0.29, 51.24, 63.52, 1.32, 52.80, 0.01, 0.48, 0.51, 0.19, 0.63, 0.65, 0.77, 0.39, 0.42, 0.14, 0.56, 0.56, 0.37, 6.46, -63.02, 1.00, 1.63, 0.02618, 0.59283
325151, 3, 0.50, 0.50, -0.98, 0.25, 51.55, 63.53, 1.32, 52.80, 0.01, 0.48, 0.49, 0.18, 0.63, 0.66, 0.74, 0.39, 0.42, 0.21, 0.56, 0.54, 0.40, 6.33, -63.03, 1.00, 1.63, 0.02618, 0.59504
325164, 3, 0.50, 0.50, -0.97, 0.04, 51.91, 63.54, 1.32, 52.80, 0.01, 0.48, 0.49, 0.21, 0.63, 0.65, 0.67, 0.39, 0.44, 0.23, 0.56, 0.59, 0.12, 6.06, -63.04, 1.00, 1.64, 0.02618, 0.59747
325178, 3, 0.50, 0.50, -0.88, 0.10, 52.26, 63.56, 1.32, 52.80, 0.01, 0.48, 0.49, 0.18, 0.63, 0.65, 0.70, 0.39, 0.42, 0.23, 0.56, 0.56, 0.37, 5.75, -63.06, 1.00, 1.64, 0.02618, 0.59925
325191, 3, 0.50, 0.50, -0.77, -0.11, 52.55, 63.57, 1.32, 52.80, 0.01, 0.48, 0.52, 0.04, 0.63, 0.63, 0.75, 0.39, 0.37, 0.18, 0.56, 0.61, 0.19, 5.39, -63.07, 1.00, 1.64, 0.02618, 0.60157
325204, 3, 0.50, 0.50, -0.92, -0.20, 52.85, 63.58, 1.32, 52.80, 0.01, 0.48, 0.49, 0.16, 0.63, 0.63, 0.74, 0.39, 0.39, 0.09, 0.56, 0.63, 0.18, 5.04, -63.08, 1.00, 1.64, 0.02618, 0.60567
325218, 3, 0.50, 0.50, -1.13, -0.22, 52.97, 63.59, 1.32, 52.80, 0.01, 0.48, 0.49, 0.07, 0.63, 0.68, 0.72, 0.39, 0.41, 0.12, 0.56, 0.54, 0.32, 4.74, -63.09, 1.00, 1.65, 0.02618, 0.61121
325231, 3, 0.50, 0.50, -1.17, -0.53, 52.91, 63.61, 1.32, 52.80, 0.01, 0.48, 0.49, 0.12, 0.63, 0.62, 0.67, 0.39, 0.37, 0.11, 0.56, 0.59, 0.14, 4.44, -63.11, 1.00, 1.66, 0.02618, 0.61742
325244, 3, 0.50, 0.50, -1.16, -0.57, 52.84, 63.63, 1.32, 52.80, 0.01, 0.48, 0.48, 0.14, 0.63, 0.66, 0.61, 0.39, 0.39, 0.04, 0.56, 0.56, 0.19, 4.33, -63.13, 1.00, 1.66, 0.02619, 0.62379
325258, 3, 0.50, 0.50, -1.13, -0.60, 52.66, 63.64, 1.32, 52.80, 0.01, 0.48, 0.48, 0.14, 0.63, 0.63, 0.74, 0.39, 0.41, 0.05, 0.56, 0.55, 0.19, 4.38, -63.14, 1.00, 1.67, 0.02620, 0.62943
325271, 3, 0.50, 0.50, -1.03, -0.65, 52.37, 63.66, 1.32, 52.80, 0.01, 0.48, 0.49, 0.19, 0.63, 0.65, 0.61, 0.39, 0.38, 0.14, 0.56, 0.55, 0.21, 4.45, -63.16, 1.00, 1.67, 0.02621, 0.63298
325284, 3, 0.50, 0.50, -1.04, -0.68, 52.11, 63.67, 1.32, 52.80, 0.01, 0.48, 0.45, 0.14, 0.63, 0.62, 0.68, 0.39, 0.39, 0.09, 0.56, 0.52, 0.19, 4.63, -63.17, 1.00, 1.68, 0.02622, 0.63393
325298, 3, 0.50, 0.50, -0.99, -0.62, 51.71, 63.69, 1.32, 52.80, 0.01, 0.48, 0.46, 0.09, 0.63, 0.63, 0.74, 0.39, 0.42, 0.02, 0.56, 0.51, 0.18, 4.93, -63.19, 1.00, 1.68, 0.02623, 0.63265
325324, 3, 0.50, 0.50, -0.95, -0.56, 51.53, 63.70, 1.32, 52.80, 0.01, 0.48, 0.45, 0.11, 0.63, 0.56, 0.95, 0.39, 0.38, 0.18, 0.56, 0.51, 0.40, 5.19, -63.20, 1.00, 1.68, 0.02625, 0.63030
325333, 3, 0.50, 0.50, -0.97, -0.45, 51.29, 63.71, 1.32, 52.80, 0.01, 0.48, 0.46, 0.47, 0.63, 0.66, 0.88, 0.39, 0.39, 0.12, 0.56, 0.52, 0.65, 5.59, -63.21, 1.00, 1.68, 0.02626, 0.62657
325341, 3, 0.50, 0.50, -0.93, -0.24, 51.17, 63.73, 1.32, 52.80, 0.01, 0.48, 0.48, 0.14, 0.63, 0.68, 0.51, 0.39, 0.42, 0.05, 0.56, 0.54, 0.56, 5.77, -63.23, 1.00, 1.67, 0.02627, 0.62143
325357, 3, 0.50, 0.50, -0.93, -0.08, 51.14, 63.74, 1.32, 52.80, 0.01, 0.48, 0.49, 0.12, 0.63, 0.59, 1.04, 0.39, 0.39, 0.09, 0.56, 0.56, 0.39, 6.01, -63.24, 1.00, 1.67, 0.02628, 0.61571
325365, 3, 0.50, 0.50, -0.93, 0.01, 51.06, 63.75, 1.32, 52.80, 0.01, 0.48, 0.49, 0.18, 0.63, 0.69, 0.74, 0.39, 0.37, 0.19, 0.56, 0.58, 0.32, 6.13, -63.25, 1.00, 1.66, 0.02629, 0.61073
325378, 3, 0.50, 0.50, -0.93, 0.10, 51.03, 63.76, 1.32, 52.80, 0.01, 0.48, 0.48, 0.11, 0.63, 0.61, 0.54, 0.39, 0.39, 0.23, 0.56, 0.55, 0.30, 6.16, -63.26, 1.00, 1.66, 0.02630, 0.60746
325391, 3, 0.50, 0.50, -0.96, 0.17, 51.00, 63.78, 1.32, 52.80, 0.01, 0.48, 0.48, 0.25, 0.63, 0.62, 0.88, 0.39, 0.45, 0.09, 0.56, 0.55, 0.49, 6.23, -63.28, 1.00, 1.66, 0.02631, 0.60610
325404, 3, 0.50, 0.50, -1.04, 0.30, 51.01, 63.79, 1.32, 52.80, 0.01, 0.48, 0.49, 0.09, 0.63, 0.63, 0.81, 0.39, 0.41, 0.18, 0.56, 0.56, 0.46, 6.27, -63.29, 1.00, 1.66, 0.02632, 0.60609
325418, 3, 0.50, 0.50, -1.01, 0.26, 51.06, 63.80, 1.32, 52.80, 0.01, 0.48, 0.52, 0.12, 0.63, 0.63, 0.86, 0.39, 0.41, 0.11, 0.56, 0.56, 0.42, 6.29, -63.30, 1.00, 1.66, 0.02632, 0.60633
325512, 3, 0.50, 0.50, -0.93, 0.17, 51.26, 63.81, 1.32, 52.80, 0.01, 0.48, 0.48, 0.11, 0.63, 0.63, 0.65, 0.39, 0.41, 0.05, 0.56, 0.55, 0.42, 6.28, -63.31, 1.00, 1.67, 0.02633, 0.60623
325524, 3, 0.50, 0.50, -0.94, 0.01, 51.48, 63.83, 1.32, 52.80, 0.01, 0.48, 0.52, 0.07, 0.63, 0.63, 0.79, 0.39, 0.41, 0.09, 0.56, 0.58, 0.37, 6.24, -63.33, 1.00, 1.67, 0.02633, 0.60519
325538, 3, 0.50, 0.50, -1.04, 0.02, 51.71, 63.84, 1.32, 52.80, 0.01, 0.48, 0.51, 0.21, 0.63, 0.69, 0.32, 0.39, 0.41, 0.09, 0.56, 0.61, 0.14, 6.04, -63.34, 1.00, 1.66, 0.02634, 0.60403
325551, 3, 0.50, 0.50, -0.93, -0.26, 51.76, 63.85, 1.32, 52.80, 0.01, 0.48, 0.51, 0.28, 0.63, 0.66, 0.28, 0.39, 0.42, 0.07, 0.56, 0.59, 0.25, 5.81, -63.35, 1.00, 1.66, 0.02634, 0.60401
325564, 3, 0.50, 0.50, -0.85, -0.40, 51.79, 63.86, 1.32, 52.80, 0.01, 0.48, 0.45, 0.23, 0.63, 0.65, 0.42, 0.39, 0.38, 0.09, 0.56, 0.58, 0.18, 5.58, -63.36, 1.00, 1.67, 0.02634, 0.60659
325578, 3, 0.50, 0.50, -0.89, -0.59, 51.78, 63.88, 1.32, 52.80, 0.01, 0.48, 0.48, 0.05, 0.63, 0.65, 0.37, 0.39, 0.38, 0.02, 0.56, 0.54, 0.28, 5.54, -63.38, 1.00, 1.67, 0.02635, 0.61161
325591, 3, 0.50, 0.50, -0.78, -0.73, 51.59, 63.89, 1.32, 52.80, 0.01, 0.48, 0.45, 0.04, 0.63, 0.62, 0.44, 0.39, 0.39, 0.04, 0.56, 0.54, 0.26, 5.51, -63.39, 1.00, 1.68, 0.02636, 0.61690
325604, 3, 0.50, 0.50, -0.69, -0.53, 51.42, 63.90, 1.32, 52.80, 0.01, 0.48, 0.46, 0.18, 0.63, 0.63, 0.40, 0.39, 0.38, 0.12, 0.56, 0.49, 0.44, 5.52, -63.40, 1.00, 1.69, 0.02637, 0.62059
325618, 3, 0.50, 0.50, -0.84, -0.34, 51.31, 63.91, 1.32, 52.80, 0.01, 0.48, 0.49, 0.02, 0.63, 0.58, 0.68, 0.39, 0.38, 0.18, 0.56, 0.52, 0.61, 5.70, -63.41, 1.00, 1.69, 0.02638, 0.62205
325631, 3, 0.50, 0.50, -0.89, -0.20, 51.17, 63.92, 1.32, 52.80, 0.01, 0.48, 0.46, 0.14, 0.63, 0.59, 0.84, 0.39, 0.41, 0.12, 0.56, 0.52, 0.67, 5.87, -63.42, 1.00, 1.69, 0.02639, 0.62147
325644, 3, 0.50, 0.50, -0.90, -0.01, 51.05, 63.93, 1.32, 52.80, 0.01, 0.48, 0.48, 0.26, 0.63, 0.62, 0.77, 0.39, 0.41, 0.14, 0.56, 0.54, 0.81, 5.98, -63.43, 1.00, 1.69, 0.02640, 0.61921
325658, 3, 0.50, 0.50, -0.81, 0.20, 51.01, 63.94, 1.32, 52.80, 0.01, 0.48, 0.46, 0.16, 0.63, 0.63, 0.67, 0.39, 0.39, 0.21, 0.56, 0.55, 0.77, 6.12, -63.44, 1.00, 1.69, 0.02641, 0.61607
325671, 3, 0.50, 0.50, -0.91, 0.39, 51.12, 63.96, 1.32, 52.80, 0.01, 0.48, 0.49, 0.21, 0.63, 0.62, 0.82, 0.39, 0.41, 0.12, 0.56, 0.56, 0.68, 6.25, -63.46, 1.00, 1.68, 0.02642, 0.61290
325684, 3, 0.50, 0.50, -0.92, 0.51, 51.20, 63.97, 1.32, 52.80, 0.01, 0.48, 0.49, 0.14, 0.63, 0.65, 0.72, 0.39, 0.42, 0.02, 0.56, 0.56, 0.74, 6.28, -63.47, 1.00, 1.68, 0.02642, 0.60999
325717, 3, 0.50, 0.50, -0.99, 0.51, 51.52, 63.98, 1.32, 52.80, 0.01, 0.48, 0.51, 0.05, 0.63, 0.66, 0.61, 0.39, 0.39, 0.09, 0.56, 0.63, 0.68, 6.18, -63.48, 1.00, 1.68, 0.02643, 0.60747
325726, 3, 0.50, 0.50, -0.98, 0.33, 51.79, 63.99, 1.32, 52.80, 0.01, 0.48, 0.54, 0.09, 0.63, 0.72, 0.51, 0.39, 0.41, 0.05, 0.56, 0.63, 0.28, 6.10, -63.49, 1.00, 1.68, 0.02643, 0.60533
325751, 3, 0.50, 0.50, -1.03, -0.01, 51.78, 64.01, 1.32, 52.80, 0.01, 0.48, 0.48, 0.11, 0.63, 0.61, 0.47, 0.39, 0.44, 0.07, 0.56, 0.61, 0.21, 5.77, -63.51, 1.00, 1.68, 0.02643, 0.60486
325764, 3, 0.50, 0.50, -0.86, -0.35, 51.63, 64.02, 1.32, 52.80, 0.01, 0.48, 0.54, 0.18, 0.63, 0.68, 0.12, 0.39, 0.38, 0.12, 0.56, 0.61, 0.16, 5.51, -63.52, 1.00, 1.68, 0.02644, 0.60785
325778, 3, 0.50, 0.50, -1.06, -0.08, 51.69, 64.03, 1.32, 52.80, 0.01, 0.48, 0.49, 0.25, 0.63, 0.56, 0.65, 0.39, 0.39, 0.04, 0.56, 0.56, 0.19, 5.52, -63.53, 1.00, 1.69, 0.02645, 0.61432
325791, 3, 0.50, 0.50, -0.92, -0.20, 51.36, 64.04, 1.32, 52.80, 0.01, 0.48, 0.45, 0.18, 0.63, 0.63, 0.33, 0.39, 0.42, 0.02, 0.56, 0.59, 0.14, 5.66, -63.54, 1.00, 1.70, 0.02645, 0.62086
325804, 3, 0.50, 0.50, -0.97, -0.31, 51.07, 64.06, 1.32, 52.80, 0.01, 0.48, 0.46, 0.14, 0.63, 0.63, 0.46, 0.39, 0.39, 0.11, 0.56, 0.59, 0.21, 5.61, -63.56, 1.00, 1.70, 0.02647, 0.62477
325818, 3, 0.50, 0.50, -1.01, -0.43, 50.84, 64.07, 1.32, 52.80, 0.01, 0.48, 0.48, 0.16, 0.63, 0.65, 0.37, 0.39, 0.38, 0.12, 0.56, 0.54, 0.23, 5.94, -63.57, 1.00, 1.71, 0.02648, 0.62528
325831, 3, 0.50, 0.50, -1.02, -0.53, 50.60, 64.09, 1.32, 52.80, 0.01, 0.48, 0.48, 0.16, 0.63, 0.62, 0.49, 0.39, 0.38, 0.14, 0.56, 0.56, 0.18, 6.23, -63.59, 1.00, 1.71, 0.02649, 0.62349
325844, 3, 0.50, 0.50, -0.88, -0.69, 50.37, 64.10, 1.32, 52.80, 0.01, 0.48, 0.46, 0.04, 0.63, 0.63, 0.49, 0.39, 0.41, 0.12, 0.56, 0.56, 0.16, 6.46, -63.60, 1.00, 1.71, 0.02651, 0.62039
325858, 3, 0.50, 0.50, -0.90, -0.47, 50.26, 64.11, 1.32, 52.80, 0.01, 0.48, 0.46, 0.04, 0.63, 0.63, 0.37, 0.39, 0.39, 0.16, 0.56, 0.52, 0.32, 6.70, -63.61, 1.00, 1.70, 0.02652, 0.61589
325871, 3, 0.50, 0.50, -0.87, -0.31, 50.00, 64.12, 1.32, 52.80, 0.01, 0.48, 0.44, 0.25, 0.63, 0.59, 0.61, 0.39, 0.38, 0.32, 0.56, 0.52, 0.56, 6.92, -63.62, 1.00, 1.70, 0.02653, 0.61071
325884, 3, 0.50, 0.50, -0.88, -0.18, 49.75, 64.14, 1.32, 52.80, 0.01, 0.48, 0.45, 0.33, 0.63, 0.65, 0.40, 0.39, 0.39, 0.37, 0.56, 0.51, 0.72, 7.03, -63.64, 1.00, 1.70, 0.02655, 0.60710
325898, 3, 0.50, 0.50, -0.89, 0.10, 49.54, 64.15, 1.32, 52.80, 0.01, 0.48, 0.46, 0.23, 0.63, 0.59, 0.67, 0.39, 0.39, 0.37, 0.56, 0.51, 0.79, 7.30, -63.65, 1.00, 1.70, 0.02656, 0.60559
325911, 3, 0.50, 0.50, -0.82, 0.38, 49.49, 64.16, 1.32, 52.80, 0.01, 0.48, 0.46, 0.35, 0.63, 0.61, 0.72, 0.39, 0.41, 0.32, 0.56, 0.55, 0.70, 7.55, -63.66, 1.00, 1.70, 0.02657, 0.60447
325924, 3, 0.50, 0.50, -0.82, 0.29, 49.59, 64.17, 1.32, 52.80, 0.01, 0.48, 0.46, 0.46, 0.63, 0.69, 0.32, 0.39, 0.42, 0.25, 0.56, 0.55, 0.75, 7.76, -63.67, 1.00, 1.70, 0.02658, 0.60204
325938, 3, 0.50, 0.50, -0.90, 0.57, 49.75, 64.18, 1.32, 52.80, 0.01, 0.48, 0.49, 0.32, 0.63, 0.62, 0.53, 0.39, 0.41, 0.28, 0.56, 0.55, 0.86, 7.81, -63.68, 1.00, 1.69, 0.02659, 0.59742
325951, 3, 0.50, 0.50, -0.87, 0.52, 50.06, 64.19, 1.32, 52.80, 0.01, 0.48, 0.49, 0.18, 0.63, 0.63, 0.63, 0.39, 0.42, 0.05, 0.56, 0.56, 0.77, 7.71, -63.69, 1.00, 1.69, 0.02660, 0.59210
325964, 3, 0.50, 0.50, -0.93, 0.64, 50.53, 64.20, 1.32, 52.80, 0.01, 0.48, 0.48, 0.37, 0.63, 0.63, 0.53, 0.39, 0.44, 0.09, 0.56, 0.56, 0.77, 7.54, -63.70, 1.00, 1.69, 0.02660, 0.58862
325978, 3, 0.50, 0.50, -1.00, 0.48, 50.87, 64.21, 1.32, 52.80, 0.01, 0.48, 0.49, 0.30, 0.63, 0.63, 0.61, 0.39, 0.42, 0.05, 0.56, 0.58, 0.75, 7.24, -63.71, 1.00, 1.69, 0.02660, 0.58802
325991, 3, 0.50, 0.50, -0.96, 0.39, 51.44, 64.22, 1.32, 52.80, 0.01, 0.48, 0.49, 0.30, 0.63, 0.72, 0.12, 0.39, 0.41, 0.07, 0.56, 0.58, 0.72, 6.77, -63.72, 1.00, 1.69, 0.02660, 0.59021
326004, 3, 0.50, 0.50, -0.98, 0.17, 52.06, 64.24, 1.32, 52.80, 0.01, 0.48, 0.51, 0.26, 0.63, 0.61, 0.51, 0.39, 0.42, 0.16, 0.56, 0.58, 0.68, 6.42, -63.74, 1.00, 1.69, 0.02659, 0.59424
326042, 3, 0.50, 0.50, -1.02, 0.02, 52.43, 64.25, 1.32, 52.80, 0.01, 0.48, 0.51, 0.12, 0.63, 0.63, 0.42, 0.39, 0.38, 0.11, 0.56, 0.56, 0.67, 5.86, -63.75, 1.00, 1.70, 0.02659, 0.59925
326051, 3, 0.50, 0.50, -1.05, 0.01, 52.64, 64.26, 1.32, 52.80, 0.01, 0.48, 0.49, 0.18, 0.63, 0.63, 0.44, 0.39, 0.39, 0.11, 0.56, 0.58, 0.63, 5.24, -63.76, 1.00, 1.70, 0.02658, 0.60576
326066, 3, 0.50, 0.50, -1.05, -0.05, 52.73, 64.28, 1.32, 52.80, 0.01, 0.48, 0.51, 0.02, 0.63, 0.68, 0.07, 0.39, 0.41, 0.14, 0.56, 0.59, 0.19, 4.87, -63.78, 1.00, 1.71, 0.02659, 0.61465
326075, 3, 0.50, 0.50, -1.13, -0.22, 52.70, 64.29, 1.32, 52.80, 0.01, 0.48, 0.46, 0.02, 0.63, 0.59, 0.40, 0.39, 0.41, 0.14, 0.56, 0.58, 0.39, 4.65, -63.79, 1.00, 1.72, 0.02659, 0.62524
326084, 3, 0.50, 0.50, -1.03, -0.49, 52.43, 64.31, 1.32, 52.80, 0.01, 0.48, 0.45, 0.18, 0.63, 0.63, 0.53, 0.39, 0.42, 0.21, 0.56, 0.59, 0.49, 4.57, -63.81, 1.00, 1.73, 0.02660, 0.63484
326098, 3, 0.50, 0.50, -0.86, -0.21, 52.23, 64.32, 1.32, 52.80, 0.01, 0.48, 0.49, 0.12, 0.63, 0.66, 0.14, 0.39, 0.41, 0.19, 0.56, 0.59, 0.32, 4.60, -63.82, 1.00, 1.74, 0.02661, 0.64100
326111, 3, 0.50, 0.50, -0.96, -0.67, 52.04, 64.33, 1.32, 52.80, 0.01, 0.48, 0.51, 0.12, 0.63, 0.63, 0.39, 0.39, 0.38, 0.09, 0.56, 0.63, 0.32, 4.87, -63.83, 1.00, 1.74, 0.02662, 0.64283
326124, 3, 0.50, 0.50, -1.01, -0.26, 51.67, 64.35, 1.32, 52.80, 0.01, 0.48, 0.45, 0.18, 0.63, 0.65, 0.33, 0.39, 0.39, 0.05, 0.56, 0.58, 0.25, 5.07, -63.85, 1.00, 1.74, 0.02663, 0.64134
326138, 3, 0.50, 0.50, -1.06, -0.52, 51.27, 64.36, 1.32, 52.80, 0.01, 0.48, 0.49, 0.16, 0.63, 0.61, 0.35, 0.39, 0.39, 0.07, 0.56, 0.55, 0.42, 5.25, -63.86, 1.00, 1.74, 0.02664, 0.63814
326151, 3, 0.50, 0.50, -0.90, -0.23, 50.96, 64.37, 1.32, 52.80, 0.01, 0.48, 0.46, 0.09, 0.63, 0.65, 0.23, 0.39, 0.39, 0.04, 0.56, 0.52, 0.49, 5.62, -63.87, 1.00, 1.74, 0.02666, 0.63473
326164, 3, 0.50, 0.50, -1.06, -0.13, 50.78, 64.39, 1.32, 52.80, 0.01, 0.48, 0.49, 0.26, 0.63, 0.62, 0.33, 0.39, 0.39, 0.04, 0.56, 0.55, 0.49, 6.03, -63.89, 1.00, 1.74, 0.02668, 0.63148
326178, 3, 0.50, 0.50, -1.29, -0.20, 50.39, 64.41, 1.32, 52.80, 0.01, 0.48, 0.49, 0.14, 0.63, 0.58, 0.49, 0.39, 0.42, 0.04, 0.56, 0.54, 0.53, 6.33, -63.91, 1.00, 1.74, 0.02669, 0.62708
326191, 3, 0.50, 0.50, -0.98, -0.13, 50.01, 64.42, 1.32, 52.80, 0.01, 0.48, 0.48, 0.30, 0.63, 0.58, 0.74, 0.39, 0.39, 0.05, 0.56, 0.54, 0.74, 6.52, -63.92, 1.00, 1.73, 0.02670, 0.62175
326204, 3, 0.50, 0.50, -1.12, -0.07, 49.90, 64.43, 1.32, 52.80, 0.01, 0.48, 0.46, 0.33, 0.63, 0.61, 0.75, 0.39, 0.39, 0.05, 0.56, 0.55, 0.74, 6.90, -63.93, 1.00, 1.73, 0.02672, 0.61729
326218, 3, 0.50, 0.50, -1.25, -0.05, 49.75, 64.45, 1.32, 52.80, 0.01, 0.48, 0.48, 0.23, 0.63, 0.61, 0.75, 0.39, 0.44, 0.07, 0.56, 0.58, 0.61, 7.29, -63.95, 1.00, 1.73, 0.02673, 0.61387
326231, 3, 0.50, 0.50, -1.22, -0.03, 49.75, 64.47, 1.32, 52.80, 0.01, 0.48, 0.49, 0.28, 0.63, 0.62, 0.79, 0.39, 0.44, 0.21, 0.56, 0.58, 0.53, 7.40, -63.97, 1.00, 1.73, 0.02675, 0.60981
326244, 3, 0.50, 0.50, -0.96, -0.07, 49.98, 64.48, 1.32, 52.80, 0.01, 0.48, 0.49, 0.12, 0.63, 0.65, 0.54, 0.39, 0.39, 0.16, 0.56, 0.56, 0.53, 7.54, -63.98, 1.00, 1.72, 0.02675, 0.60422
326258, 3, 0.50, 0.50, -1.23, -0.14, 50.35, 64.50, 1.32, 52.80, 0.01, 0.48, 0.49, 0.18, 0.63, 0.65, 0.77, 0.39, 0.39, 0.09, 0.56, 0.58, 0.47, 7.55, -64.00, 1.00, 1.72, 0.02676, 0.59856
326271, 3, 0.50, 0.50, -1.03, -0.09, 50.55, 64.51, 1.32, 52.80, 0.01, 0.48, 0.48, 0.16, 0.63, 0.66, 0.47, 0.39, 0.39, 0.07, 0.56, 0.56, 0.53, 7.31, -64.01, 1.00, 1.72, 0.02676, 0.59475
326284, 3, 0.50, 0.50, -0.95, -0.30, 50.98, 64.52, 1.32, 52.80, 0.01, 0.48, 0.49, 0.16, 0.63, 0.65, 0.60, 0.39, 0.38, 0.09, 0.56, 0.56, 0.51, 6.95, -64.02, 1.00, 1.72, 0.02676, 0.59430
326298, 3, 0.50, 0.50, -1.27, -0.06, 51.39, 64.54, 1.32, 52.80, 0.01, 0.48, 0.48, 0.19, 0.63, 0.66, 0.46, 0.39, 0.38, 0.02, 0.56, 0.56, 0.60, 6.75, -64.04, 1.00, 1.72, 0.02676, 0.59683
326311, 3, 0.50, 0.50, -1.09, -0.22, 51.62, 64.55, 1.32, 52.80, 0.01, 0.48, 0.48, 0.23, 0.63, 0.65, 0.39, 0.39, 0.37, 0.02, 0.56, 0.56, 0.61, 6.32, -64.05, 1.00, 1.72, 0.02676, 0.60159
326339, 3, 0.50, 0.50, -1.05, -0.33, 51.92, 64.57, 1.32, 52.80, 0.01, 0.48, 0.48, 0.14, 0.63, 0.65, 0.28, 0.39, 0.41, 0.07, 0.56, 0.56, 0.53, 5.91, -64.07, 1.00, 1.73, 0.02676, 0.60765
326351, 3, 0.50, 0.50, -1.09, -0.26, 52.21, 64.58, 1.32, 52.80, 0.01, 0.48, 0.52, 0.11, 0.63, 0.68, 0.14, 0.39, 0.39, 0.05, 0.56, 0.61, 0.12, 5.68, -64.08, 1.00, 1.73, 0.02676, 0.61375
326365, 3, 0.50, 0.50, -1.13, -0.27, 52.25, 64.60, 1.32, 52.80, 0.01, 0.48, 0.51, 0.19, 0.63, 0.66, 0.25, 0.39, 0.39, 0.11, 0.56, 0.59, 0.26, 5.38, -64.10, 1.00, 1.74, 0.02676, 0.61955
326378, 3, 0.50, 0.50, -1.10, -0.42, 52.27, 64.61, 1.32, 52.80, 0.01, 0.48, 0.46, 0.07, 0.63, 0.66, 0.05, 0.39, 0.39, 0.09, 0.56, 0.58, 0.35, 5.08, -64.11, 1.00, 1.75, 0.02677, 0.62526
326391, 3, 0.50, 0.50, -1.03, -0.30, 52.24, 64.63, 1.32, 52.80, 0.01, 0.48, 0.49, 0.04, 0.63, 0.59, 0.44, 0.39, 0.41, 0.07, 0.56, 0.56, 0.30, 5.04, -64.13, 1.00, 1.75, 0.02677, 0.63051
326404, 3, 0.50, 0.50, -0.97, -0.44, 52.21, 64.64, 1.32, 52.80, 0.01, 0.48, 0.49, 0.07, 0.63, 0.63, 0.14, 0.39, 0.39, 0.11, 0.56, 0.54, 0.25, 5.03, -64.14, 1.00, 1.76, 0.02678, 0.63473
326418, 3, 0.50, 0.50, -0.95, -0.54, 52.19, 64.66, 1.32, 52.80, 0.01, 0.48, 0.44, 0.16, 0.63, 0.65, 0.14, 0.39, 0.39, 0.18, 0.56, 0.55, 0.30, 5.06, -64.16, 1.00, 1.76, 0.02679, 0.63712
326431, 3, 0.50, 0.50, -1.08, -0.51, 52.13, 64.67, 1.32, 52.80, 0.01, 0.48, 0.46, 0.14, 0.63, 0.63, 0.23, 0.39, 0.41, 0.14, 0.56, 0.52, 0.44, 5.08, -64.17, 1.00, 1.76, 0.02679, 0.63685
326444, 3, 0.50, 0.50, -1.13, -0.45, 51.96, 64.69, 1.32, 52.80, 0.01, 0.48, 0.48, 0.07, 0.63, 0.63, 0.26, 0.39, 0.41, 0.14, 0.56, 0.51, 0.58, 5.11, -64.19, 1.00, 1.76, 0.02680, 0.63514
326458, 3, 0.50, 0.50, -1.03, -0.30, 51.77, 64.70, 1.32, 52.80, 0.01, 0.48, 0.46, 0.26, 0.63, 0.58, 0.44, 0.39, 0.35, 0.37, 0.56, 0.55, 0.53, 5.17, -64.20, 1.00, 1.76, 0.02681, 0.63437
326471, 3, 0.50, 0.50, -0.95, -0.20, 51.69, 64.71, 1.32, 52.80, 0.01, 0.48, 0.46, 0.28, 0.63, 0.62, 0.44, 0.39, 0.41, 0.26, 0.56, 0.52, 0.67, 5.33, -64.21, 1.00, 1.76, 0.02682, 0.63480
326484, 3, 0.50, 0.50, -1.03, 0.09, 51.67, 64.73, 1.32, 52.80, 0.01, 0.48, 0.48, 0.21, 0.63, 0.59, 0.51, 0.39, 0.42, 0.14, 0.56, 0.55, 0.72, 5.53, -64.23, 1.00, 1.77, 0.02683, 0.63455
326498, 3, 0.50, 0.50, -0.96, 0.23, 51.59, 64.74, 1.32, 52.80, 0.01, 0.48, 0.48, 0.21, 0.63, 0.62, 0.56, 0.39, 0.42, 0.14, 0.56, 0.55, 0.77, 5.61, -64.24, 1.00, 1.76, 0.02684, 0.63233
326511, 3, 0.50, 0.50, -1.05, 0.22, 51.71, 64.75, 1.32, 52.80, 0.01, 0.48, 0.49, 0.28, 0.63, 0.63, 0.51, 0.39, 0.41, 0.02, 0.56, 0.61, 0.54, 5.63, -64.25, 1.00, 1.76, 0.02685, 0.62892
326524, 3, 0.50, 0.50, -0.88, 0.29, 51.80, 64.76, 1.32, 52.80, 0.01, 0.48, 0.49, 0.25, 0.63, 0.65, 0.40, 0.39, 0.44, 0.09, 0.56, 0.61, 0.46, 5.70, -64.26, 1.00, 1.76, 0.02685, 0.62579
326538, 3, 0.50, 0.50, -0.97, 0.16, 51.96, 64.78, 1.32, 52.80, 0.01, 0.48, 0.48, 0.18, 0.63, 0.62, 0.53, 0.39, 0.44, 0.16, 0.56, 0.61, 0.37, 5.59, -64.28, 1.00, 1.76, 0.02686, 0.62405
326551, 3, 0.50, 0.50, -0.95, 0.12, 52.10, 64.79, 1.32, 52.80, 0.01, 0.48, 0.49, 0.21, 0.63, 0.63, 0.54, 0.39, 0.41, 0.19, 0.56, 0.58, 0.28, 5.49, -64.29, 1.00, 1.76, 0.02686, 0.62355
326564, 3, 0.50, 0.50, -0.97, -0.02, 52.25, 64.80, 1.32, 52.80, 0.01, 0.48, 0.48, 0.21, 0.63, 0.63, 0.63, 0.39, 0.41, 0.18, 0.56, 0.56, 0.30, 5.33, -64.30, 1.00, 1.76, 0.02686, 0.62417
326578, 3, 0.50, 0.50, -1.09, 0.00, 52.42, 64.82, 1.32, 52.80, 0.01, 0.48, 0.49, 0.19, 0.63, 0.63, 0.53, 0.39, 0.41, 0.19, 0.56, 0.56, 0.25, 5.19, -64.32, 1.00, 1.76, 0.02687, 0.62602
326591, 3, 0.50, 0.50, -1.07, -0.07, 52.47, 64.83, 1.32, 52.80, 0.01, 0.48, 0.52, 0.04, 0.63, 0.62, 0.65, 0.39, 0.38, 0.09, 0.56, 0.62, 0.14, 5.05, -64.33, 1.00, 1.76, 0.02687, 0.62874
326604, 3, 0.50, 0.50, -1.16, -0.06, 52.55, 64.85, 1.32, 52.80, 0.01, 0.48, 0.48, 0.09, 0.63, 0.65, 0.67, 0.39, 0.38, 0.05, 0.56, 0.54, 0.42, 4.88, -64.35, 1.00, 1.77, 0.02687, 0.63174
326618, 3, 0.50, 0.50, -1.17, -0.18, 52.52, 64.86, 1.32, 52.80, 0.01, 0.48, 0.46, 0.04, 0.63, 0.62, 0.61, 0.39, 0.39, 0.07, 0.56, 0.61, 0.19, 4.82, -64.36, 1.00, 1.77, 0.02688, 0.63463
326644, 3, 0.50, 0.50, -1.09, -0.29, 52.43, 64.88, 1.32, 52.80, 0.01, 0.48, 0.46, 0.07, 0.63, 0.62, 0.86, 0.39, 0.37, 0.12, 0.56, 0.54, 0.21, 4.75, -64.38, 1.00, 1.78, 0.02688, 0.63756
326653, 3, 0.50, 0.50, -1.15, -0.32, 52.37, 64.89, 1.32, 52.80, 0.01, 0.48, 0.49, 0.12, 0.63, 0.62, 0.86, 0.39, 0.38, 0.09, 0.56, 0.59, 0.12, 4.78, -64.39, 1.00, 1.78, 0.02689, 0.64008
326668, 3, 0.50, 0.50, -1.10, -0.28, 52.23, 64.91, 1.32, 52.80, 0.01, 0.48, 0.48, 0.09, 0.63, 0.68, 0.53, 0.39, 0.42, 0.09, 0.56, 0.52, 0.18, 4.86, -64.41, 1.00, 1.78, 0.02690, 0.64156
326677, 3, 0.50, 0.50, -1.06, -0.24, 52.09, 64.92, 1.32, 52.80, 0.01, 0.48, 0.48, 0.12, 0.63, 0.63, 0.60, 0.39, 0.41, 0.09, 0.56, 0.54, 0.39, 4.93, -64.42, 1.00, 1.78, 0.02691, 0.64179
326685, 3, 0.50, 0.50, -0.98, -0.42, 51.95, 64.94, 1.32, 52.80, 0.01, 0.48, 0.45, 0.16, 0.63, 0.66, 0.77, 0.39, 0.41, 0.07, 0.56, 0.61, 0.19, 5.07, -64.44, 1.00, 1.78, 0.02692, 0.64102
326698, 3, 0.50, 0.50, -0.88, -0.35, 51.83, 64.95, 1.32, 52.80, 0.01, 0.48, 0.49, 0.05, 0.63, 0.66, 0.54, 0.39, 0.39, 0.09, 0.56, 0.55, 0.09, 5.20, -64.45, 1.00, 1.78, 0.02693, 0.63967
326711, 3, 0.50, 0.50, -0.88, -0.37, 51.78, 64.96, 1.32, 52.80, 0.01, 0.48, 0.46, 0.12, 0.63, 0.66, 0.51, 0.39, 0.38, 0.18, 0.56, 0.51, 0.33, 5.35, -64.46, 1.00, 1.78, 0.02694, 0.63785
326724, 3, 0.50, 0.50, -0.88, -0.36, 51.60, 64.97, 1.32, 52.80, 0.01, 0.48, 0.46, 0.19, 0.63, 0.63, 0.47, 0.39, 0.39, 0.09, 0.56, 0.55, 0.33, 5.46, -64.47, 1.00, 1.78, 0.02695, 0.63558
326738, 3, 0.50, 0.50, -0.84, -0.36, 51.43, 64.98, 1.32, 52.80, 0.01, 0.48, 0.46, 0.14, 0.63, 0.59, 0.91, 0.39, 0.41, 0.07, 0.56, 0.51, 0.26, 5.51, -64.48, 1.00, 1.78, 0.02696, 0.63357
326751, 3, 0.50, 0.50, -0.77, -0.30, 51.37, 65.00, 1.32, 52.80, 0.01, 0.48, 0.45, 0.39, 0.63, 0.65, 0.58, 0.39, 0.41, 0.09, 0.56, 0.55, 0.42, 5.69, -64.50, 1.00, 1.78, 0.02697, 0.63256
326764, 3, 0.50, 0.50, -0.72, -0.14, 51.37, 65.01, 1.32, 52.80, 0.01, 0.48, 0.45, 0.49, 0.63, 0.62, 0.68, 0.39, 0.37, 0.35, 0.56, 0.52, 0.53, 5.87, -64.51, 1.00, 1.78, 0.02698, 0.63187
326778, 3, 0.50, 0.50, -0.94, -0.15, 51.41, 65.02, 1.32, 52.80, 0.01, 0.48, 0.46, 0.60, 0.63, 0.65, 0.67, 0.39, 0.44, 0.14, 0.56, 0.54, 0.70, 5.93, -64.52, 1.00, 1.78, 0.02698, 0.63000
326791, 3, 0.50, 0.50, -0.87, 0.01, 51.51, 65.03, 1.32, 52.80, 0.01, 0.48, 0.51, 0.37, 0.63, 0.69, 0.26, 0.39, 0.44, 0.07, 0.56, 0.55, 0.74, 5.92, -64.53, 1.00, 1.78, 0.02699, 0.62691
326804, 3, 0.50, 0.50, -0.94, -0.03, 51.68, 65.04, 1.32, 52.80, 0.01, 0.48, 0.48, 0.19, 0.63, 0.61, 0.54, 0.39, 0.39, 0.05, 0.56, 0.58, 0.63, 5.88, -64.54, 1.00, 1.78, 0.02700, 0.62414
326818, 3, 0.50, 0.50, -0.84, 0.06, 51.76, 65.05, 1.32, 52.80, 0.01, 0.48, 0.49, 0.46, 0.63, 0.65, 0.56, 0.39, 0.39, 0.11, 0.56, 0.56, 0.65, 5.79, -64.55, 1.00, 1.78, 0.02700, 0.62310
326831, 3, 0.50, 0.50, -1.20, 0.11, 52.15, 65.07, 1.32, 52.80, 0.01, 0.48, 0.51, 0.21, 0.63, 0.65, 0.51, 0.39, 0.41, 0.04, 0.56, 0.56, 0.60, 5.61, -64.57, 1.00, 1.78, 0.02700, 0.62403
326844, 3, 0.50, 0.50, -1.08, 0.12, 52.36, 65.08, 1.32, 52.80, 0.01, 0.48, 0.49, 0.26, 0.63, 0.65, 0.63, 0.39, 0.41, 0.14, 0.56, 0.56, 0.49, 5.54, -64.58, 1.00, 1.78, 0.02700, 0.62513
326858, 3, 0.50, 0.50, -0.85, 0.14, 52.56, 65.09, 1.32, 52.80, 0.01, 0.48, 0.49, 0.28, 0.63, 0.65, 0.44, 0.39, 0.44, 0.16, 0.56, 0.56, 0.51, 5.15, -64.59, 1.00, 1.78, 0.02700, 0.62638
326871, 3, 0.50, 0.50, -0.89, 0.12, 52.78, 65.10, 1.32, 52.80, 0.01, 0.48, 0.49, 0.23, 0.63, 0.65, 0.54, 0.39, 0.39, 0.09, 0.56, 0.61, 0.40, 4.93, -64.60, 1.00, 1.78, 0.02700, 0.62878
326884, 3, 0.50, 0.50, -0.82, 0.03, 53.05, 65.12, 1.32, 52.80, 0.01, 0.48, 0.54, 0.05, 0.63, 0.73, 0.18, 0.39, 0.37, 0.12, 0.56, 0.63, 0.18, 4.73, -64.62, 1.00, 1.79, 0.02701, 0.63280
326898, 3, 0.50, 0.50, -1.05, -0.01, 53.43, 65.13, 1.32, 52.80, 0.01, 0.48, 0.48, 0.11, 0.63, 0.59, 0.49, 0.39, 0.41, 0.09, 0.56, 0.63, 0.19, 4.52, -64.63, 1.00, 1.79, 0.02700, 0.63717
326911, 3, 0.50, 0.50, -0.79, -0.24, 53.36, 65.14, 1.32, 52.80, 0.01, 0.48, 0.46, 0.07, 0.63, 0.66, 0.25, 0.39, 0.44, 0.14, 0.56, 0.58, 0.21, 4.25, -64.64, 1.00, 1.80, 0.02700, 0.64012
326939, 3, 0.50, 0.50, -0.79, -0.47, 53.12, 65.15, 1.32, 52.80, 0.01, 0.48, 0.45, 0.19, 0.63, 0.61, 0.63, 0.39, 0.39, 0.05, 0.56, 0.55, 0.21, 3.87, -64.65, 1.00, 1.80, 0.02701, 0.64335
326951, 3, 0.50, 0.50, -0.75, -0.27, 52.87, 65.16, 1.32, 52.80, 0.01, 0.48, 0.45, 0.26, 0.63, 0.63, 0.40, 0.39, 0.39, 0.04, 0.56, 0.54, 0.09, 3.93, -64.66, 1.00, 1.81, 0.02702, 0.64937
326964, 3, 0.50, 0.50, -0.87, -0.29, 52.71, 65.17, 1.32, 52.80, 0.01, 0.48, 0.49, 0.05, 0.63, 0.62, 0.46, 0.39, 0.38, 0.09, 0.56, 0.55, 0.19, 4.17, -64.67, 1.00, 1.82, 0.02703, 0.65701
326979, 3, 0.50, 0.50, -0.98, -0.14, 52.39, 65.19, 1.32, 52.80, 0.01, 0.48, 0.46, 0.25, 0.63, 0.63, 0.49, 0.39, 0.39, 0.09, 0.56, 0.52, 0.35, 4.43, -64.69, 1.00, 1.82, 0.02704, 0.66065
326991, 3, 0.50, 0.50, -0.95, -0.14, 51.94, 65.20, 1.32, 52.80, 0.01, 0.48, 0.46, 0.26, 0.63, 0.59, 0.77, 0.39, 0.39, 0.07, 0.56, 0.51, 0.54, 4.59, -64.70, 1.00, 1.82, 0.02705, 0.65828
327004, 3, 0.50, 0.50, -0.60, -0.10, 51.64, 65.21, 1.32, 52.80, 0.01, 0.48, 0.49, 0.19, 0.63, 0.62, 0.58, 0.39, 0.39, 0.14, 0.56, 0.55, 0.47, 4.91, -64.71, 1.00, 1.82, 0.02707, 0.65333
327018, 3, 0.50, 0.50, -0.64, -0.03, 51.80, 65.22, 1.32, 52.80, 0.01, 0.48, 0.46, 0.25, 0.63, 0.66, 0.49, 0.39, 0.41, 0.14, 0.56, 0.55, 0.42, 5.36, -64.72, 1.00, 1.82, 0.02708, 0.64902
327031, 3, 0.50, 0.50, -0.82, 0.03, 51.84, 65.23, 1.32, 52.80, 0.01, 0.48, 0.48, 0.32, 0.63, 0.61, 0.53, 0.39, 0.39, 0.19, 0.56, 0.55, 0.60, 5.66, -64.73, 1.00, 1.81, 0.02709, 0.64336
327044, 3, 0.50, 0.50, -0.92, 0.05, 51.85, 65.24, 1.32, 52.80, 0.01, 0.48, 0.48, 0.33, 0.63, 0.63, 0.68, 0.39, 0.39, 0.12, 0.56, 0.55, 0.70, 5.50, -64.74, 1.00, 1.80, 0.02709, 0.63510
327058, 3, 0.50, 0.50, -0.78, 0.10, 51.95, 65.25, 1.32, 52.80, 0.01, 0.48, 0.49, 0.26, 0.63, 0.69, 0.26, 0.39, 0.44, 0.05, 0.56, 0.55, 0.72, 5.45, -64.75, 1.00, 1.80, 0.02710, 0.62825
327071, 3, 0.50, 0.50, -0.72, 0.07, 52.06, 65.26, 1.32, 52.80, 0.01, 0.48, 0.48, 0.32, 0.63, 0.61, 0.49, 0.39, 0.44, 0.11, 0.56, 0.59, 0.56, 5.44, -64.76, 1.00, 1.80, 0.02710, 0.62702
327084, 3, 0.50, 0.50, -0.64, -0.02, 52.16, 65.27, 1.32, 52.80, 0.01, 0.48, 0.48, 0.35, 0.63, 0.65, 0.44, 0.39, 0.39, 0.05, 0.56, 0.56, 0.58, 5.35, -64.77, 1.00, 1.80, 0.02711, 0.63035
327098, 3, 0.50, 0.50, -0.66, 0.07, 52.43, 65.28, 1.32, 52.80, 0.01, 0.48, 0.48, 0.25, 0.63, 0.63, 0.47, 0.39, 0.42, 0.11, 0.56, 0.56, 0.53, 5.24, -64.78, 1.00, 1.80, 0.02711, 0.63367
327111, 3, 0.50, 0.50, -0.76, 0.13, 52.55, 65.29, 1.32, 52.80, 0.01, 0.48, 0.49, 0.30, 0.63, 0.65, 0.51, 0.39, 0.42, 0.16, 0.56, 0.56, 0.53, 5.13, -64.79, 1.00, 1.80, 0.02711, 0.63458
327124, 3, 0.50, 0.50, -0.82, 0.17, 52.63, 65.30, 1.32, 52.80, 0.01, 0.48, 0.52, 0.18, 0.63, 0.69, 0.32, 0.39, 0.39, 0.09, 0.56, 0.56, 0.56, 4.87, -64.80, 1.00, 1.81, 0.02711, 0.63519
327138, 3, 0.50, 0.50, -0.77, -0.04, 52.75, 65.31, 1.32, 52.80, 0.01, 0.48, 0.49, 0.16, 0.63, 0.59, 0.51, 0.39, 0.39, 0.07, 0.56, 0.56, 0.53, 4.75, -64.81, 1.00, 1.81, 0.02712, 0.63761
327151, 3, 0.50, 0.50, -0.81, -0.02, 52.92, 65.32, 1.32, 52.80, 0.01, 0.48, 0.49, 0.16, 0.63, 0.65, 0.46, 0.39, 0.39, 0.11, 0.56, 0.55, 0.70, 4.67, -64.82, 1.00, 1.81, 0.02712, 0.64107
327164, 3, 0.50, 0.50, -1.05, -0.01, 53.02, 65.33, 1.32, 52.80, 0.01, 0.48, 0.52, 0.16, 0.63, 0.68, 0.33, 0.39, 0.38, 0.04, 0.56, 0.56, 0.68, 4.55, -64.83, 1.00, 1.82, 0.02712, 0.64393
327178, 3, 0.50, 0.50, -0.79, -0.08, 53.03, 65.34, 1.32, 52.80, 0.01, 0.48, 0.48, 0.16, 0.63, 0.61, 0.49, 0.39, 0.39, 0.04, 0.56, 0.61, 0.35, 4.38, -64.84, 1.00, 1.82, 0.02713, 0.64555
327191, 3, 0.50, 0.50, -0.86, -0.25, 53.10, 65.35, 1.32, 52.80, 0.01, 0.48, 0.51, 0.12, 0.63, 0.66, 0.26, 0.39, 0.39, 0.02, 0.56, 0.59, 0.30, 4.28, -64.85, 1.00, 1.82, 0.02713, 0.64691
327204, 3, 0.50, 0.50, -1.01, -0.19, 53.12, 65.37, 1.32, 52.80, 0.01, 0.48, 0.49, 0.19, 0.63, 0.66, 0.16, 0.39, 0.38, 0.18, 0.56, 0.62, 0.23, 4.27, -64.87, 1.00, 1.82, 0.02714, 0.64888
327218, 3, 0.50, 0.50, -1.07, -0.48, 53.04, 65.38, 1.32, 52.80, 0.01, 0.48, 0.48, 0.23, 0.63, 0.65, 0.32, 0.39, 0.41, 0.07, 0.56, 0.58, 0.26, 4.19, -64.88, 1.00, 1.83, 0.02714, 0.65109
327244, 3, 0.50, 0.50, -1.00, -0.55, 52.92, 65.40, 1.32, 52.80, 0.01, 0.48, 0.45, 0.12, 0.63, 0.58, 0.63, 0.39, 0.38, 0.21, 0.56, 0.54, 0.35, 4.17, -64.90, 1.00, 1.83, 0.02715, 0.65270
327253, 3, 0.50, 0.50, -1.00, -0.49, 52.76, 65.41, 1.32, 52.80, 0.01, 0.48, 0.46, 0.09, 0.63, 0.65, 0.51, 0.39, 0.37, 0.18, 0.56, 0.56, 0.37, 4.26, -64.91, 1.00, 1.83, 0.02716, 0.65391
327261, 3, 0.50, 0.50, -0.97, -0.35, 52.65, 65.42, 1.32, 52.80, 0.01, 0.48, 0.46, 0.04, 0.63, 0.65, 0.23, 0.39, 0.39, 0.14, 0.56, 0.56, 0.25, 4.38, -64.92, 1.00, 1.83, 0.02717, 0.65491
327277, 3, 0.50, 0.50, -1.08, -0.48, 52.57, 65.44, 1.32, 52.80, 0.01, 0.48, 0.46, 0.11, 0.63, 0.59, 0.67, 0.39, 0.42, 0.07, 0.56, 0.55, 0.63, 4.54, -64.94, 1.00, 1.83, 0.02717, 0.65477
327285, 3, 0.50, 0.50, -0.96, -0.26, 52.40, 65.45, 1.32, 52.80, 0.01, 0.48, 0.49, 0.05, 0.63, 0.66, 0.54, 0.39, 0.39, 0.09, 0.56, 0.56, 0.40, 4.65, -64.95, 1.00, 1.83, 0.02718, 0.65276
327298, 3, 0.50, 0.50, -0.98, -0.17, 52.40, 65.47, 1.32, 52.80, 0.01, 0.48, 0.48, 0.02, 0.63, 0.66, 0.19, 0.39, 0.35, 0.37, 0.56, 0.55, 0.39, 4.73, -64.97, 1.00, 1.83, 0.02719, 0.65006
327311, 3, 0.50, 0.50, -0.96, -0.23, 52.24, 65.48, 1.32, 52.80, 0.01, 0.48, 0.45, 0.25, 0.63, 0.58, 0.65, 0.39, 0.39, 0.16, 0.56, 0.54, 0.67, 4.90, -64.98, 1.00, 1.83, 0.02720, 0.64768
327324, 3, 0.50, 0.50, -0.99, -0.02, 52.04, 65.49, 1.32, 52.80, 0.01, 0.48, 0.46, 0.11, 0.63, 0.61, 0.61, 0.39, 0.45, 0.11, 0.56, 0.54, 0.74, 4.89, -64.99, 1.00, 1.83, 0.02721, 0.64627
327338, 3, 0.50, 0.50, -1.03, 0.11, 51.96, 65.51, 1.32, 52.80, 0.01, 0.48, 0.48, 0.14, 0.63, 0.61, 0.70, 0.39, 0.38, 0.07, 0.56, 0.55, 0.74, 5.05, -65.01, 1.00, 1.83, 0.02722, 0.64587
327351, 3, 0.50, 0.50, -0.88, 0.26, 51.98, 65.52, 1.32, 52.80, 0.01, 0.48, 0.48, 0.16, 0.63, 0.61, 0.81, 0.39, 0.37, 0.21, 0.56, 0.59, 0.47, 5.25, -65.02, 1.00, 1.83, 0.02723, 0.64555
327364, 3, 0.50, 0.50, -0.83, 0.18, 52.14, 65.53, 1.32, 52.80, 0.01, 0.48, 0.49, 0.14, 0.63, 0.68, 0.47, 0.39, 0.42, 0.07, 0.56, 0.58, 0.54, 5.34, -65.03, 1.00, 1.83, 0.02723, 0.64381
327378, 3, 0.50, 0.50, -1.25, 0.18, 52.32, 65.54, 1.32, 52.80, 0.01, 0.48, 0.51, 0.09, 0.63, 0.61, 0.60, 0.39, 0.41, 0.18, 0.56, 0.58, 0.33, 5.32, -65.04, 1.00, 1.83, 0.02724, 0.64009
327391, 3, 0.50, 0.50, -1.01, 0.21, 52.37, 65.56, 1.32, 52.80, 0.01, 0.48, 0.48, 0.11, 0.63, 0.65, 0.63, 0.39, 0.41, 0.09, 0.56, 0.56, 0.35, 5.16, -65.06, 1.00, 1.82, 0.02724, 0.63616
327404, 3, 0.50, 0.50, -1.29, 0.09, 52.53, 65.57, 1.32, 52.80, 0.01, 0.48, 0.48, 0.21, 0.63, 0.66, 0.65, 0.39, 0.41, 0.09, 0.56, 0.56, 0.35, 4.98, -65.07, 1.00, 1.82, 0.02724, 0.63522
327418, 3, 0.50, 0.50, -1.20, -0.04, 52.59, 65.59, 1.32, 52.80, 0.01, 0.48, 0.51, 0.04, 0.63, 0.61, 0.67, 0.39, 0.39, 0.14, 0.56, 0.56, 0.33, 4.93, -65.09, 1.00, 1.83, 0.02725, 0.63793
327431, 3, 0.50, 0.50, -1.04, -0.06, 52.57, 65.60, 1.32, 52.80, 0.01, 0.48, 0.48, 0.18, 0.63, 0.63, 0.67, 0.39, 0.39, 0.05, 0.56, 0.55, 0.44, 4.77, -65.10, 1.00, 1.83, 0.02725, 0.64208
327444, 3, 0.50, 0.50, -1.04, -0.09, 52.64, 65.62, 1.32, 52.80, 0.01, 0.48, 0.49, 0.05, 0.63, 0.65, 0.65, 0.39, 0.39, 0.07, 0.56, 0.59, 0.19, 4.70, -65.12, 1.00, 1.84, 0.02726, 0.64575
327458, 3, 0.50, 0.50, -1.12, -0.16, 52.66, 65.63, 1.32, 52.80, 0.01, 0.48, 0.48, 0.11, 0.63, 0.62, 0.79, 0.39, 0.38, 0.04, 0.56, 0.56, 0.30, 4.73, -65.13, 1.00, 1.84, 0.02726, 0.64804
327471, 3, 0.50, 0.50, -1.02, -0.31, 52.63, 65.65, 1.32, 52.80, 0.01, 0.48, 0.51, 0.12, 0.63, 0.65, 0.72, 0.39, 0.41, 0.04, 0.56, 0.62, 0.19, 4.66, -65.15, 1.00, 1.84, 0.02727, 0.64907
327484, 3, 0.50, 0.50, -0.89, -0.27, 52.68, 65.66, 1.32, 52.80, 0.01, 0.48, 0.49, 0.21, 0.63, 0.65, 0.60, 0.39, 0.41, 0.04, 0.56, 0.58, 0.28, 4.63, -65.16, 1.00, 1.84, 0.02727, 0.64949
327498, 3, 0.50, 0.50, -0.85, -0.22, 52.58, 65.67, 1.32, 52.80, 0.01, 0.48, 0.49, 0.21, 0.63, 0.68, 0.54, 0.39, 0.39, 0.09, 0.56, 0.54, 0.21, 4.67, -65.17, 1.00, 1.84, 0.02728, 0.64956
327511, 3, 0.50, 0.50, -0.89, -0.30, 52.44, 65.68, 1.32, 52.80, 0.01, 0.48, 0.49, 0.16, 0.63, 0.65, 0.44, 0.39, 0.38, 0.07, 0.56, 0.55, 0.21, 4.62, -65.18, 1.00, 1.84, 0.02729, 0.64999
327539, 3, 0.50, 0.50, -0.92, -0.28, 52.16, 65.69, 1.32, 52.80, 0.01, 0.48, 0.44, 0.02, 0.63, 0.59, 0.82, 0.39, 0.39, 0.09, 0.56, 0.51, 0.37, 4.71, -65.19, 1.00, 1.85, 0.02729, 0.65120
327551, 3, 0.50, 0.50, -0.79, -0.27, 51.88, 65.71, 1.32, 52.80, 0.01, 0.48, 0.46, 0.12, 0.63, 0.63, 0.68, 0.39, 0.39, 0.16, 0.56, 0.54, 0.30, 4.86, -65.21, 1.00, 1.85, 0.02731, 0.65283
327564, 3, 0.50, 0.50, -0.89, -0.15, 51.69, 65.72, 1.32, 52.80, 0.01, 0.48, 0.46, 0.05, 0.63, 0.62, 0.67, 0.39, 0.41, 0.12, 0.56, 0.54, 0.46, 5.14, -65.22, 1.00, 1.85, 0.02732, 0.65379
327579, 3, 0.50, 0.50, -0.67, -0.05, 51.50, 65.73, 1.32, 52.80, 0.01, 0.48, 0.44, 0.28, 0.63, 0.61, 0.82, 0.39, 0.44, 0.07, 0.56, 0.52, 0.68, 5.41, -65.23, 1.00, 1.85, 0.02733, 0.65253
327591, 3, 0.50, 0.50, -0.79, 0.03, 51.54, 65.74, 1.32, 52.80, 0.01, 0.48, 0.48, 0.19, 0.63, 0.61, 0.86, 0.39, 0.41, 0.18, 0.56, 0.54, 0.63, 5.60, -65.24, 1.00, 1.85, 0.02734, 0.64847
327604, 3, 0.50, 0.50, -0.93, 0.18, 51.61, 65.75, 1.32, 52.80, 0.01, 0.48, 0.49, 0.07, 0.63, 0.66, 0.68, 0.39, 0.39, 0.19, 0.56, 0.56, 0.61, 5.79, -65.25, 1.00, 1.85, 0.02735, 0.64245
327618, 3, 0.50, 0.50, -0.87, 0.14, 51.60, 65.76, 1.32, 52.80, 0.01, 0.48, 0.49, 0.14, 0.63, 0.62, 0.77, 0.39, 0.41, 0.18, 0.56, 0.56, 0.58, 5.75, -65.26, 1.00, 1.84, 0.02735, 0.63674
327631, 3, 0.50, 0.50, -0.81, 0.22, 51.65, 65.77, 1.32, 52.80, 0.01, 0.48, 0.51, 0.09, 0.63, 0.65, 0.82, 0.39, 0.42, 0.04, 0.56, 0.56, 0.63, 5.69, -65.27, 1.00, 1.84, 0.02736, 0.63349
327644, 3, 0.50, 0.50, -0.94, 0.32, 51.86, 65.78, 1.32, 52.80, 0.01, 0.48, 0.46, 0.05, 0.63, 0.65, 0.74, 0.39, 0.44, 0.12, 0.56, 0.56, 0.60, 5.69, -65.28, 1.00, 1.84, 0.02737, 0.63342
327658, 3, 0.50, 0.50, -0.86, 0.22, 52.06, 65.79, 1.32, 52.80, 0.01, 0.48, 0.48, 0.23, 0.63, 0.63, 0.81, 0.39, 0.41, 0.19, 0.56, 0.58, 0.54, 5.64, -65.29, 1.00, 1.84, 0.02737, 0.63477
327671, 3, 0.50, 0.50, -0.90, 0.18, 52.31, 65.80, 1.32, 52.80, 0.01, 0.48, 0.54, 0.16, 0.63, 0.70, 0.51, 0.39, 0.42, 0.19, 0.56, 0.58, 0.49, 5.44, -65.30, 1.00, 1.84, 0.02737, 0.63567
327684, 3, 0.50, 0.50, -0.98, 0.18, 52.55, 65.82, 1.32, 52.80, 0.01, 0.48, 0.48, 0.14, 0.63, 0.62, 0.63, 0.39, 0.44, 0.23, 0.56, 0.58, 0.39, 5.24, -65.32, 1.00, 1.84, 0.02737, 0.63591
327698, 3, 0.50, 0.50, -1.10, 0.14, 52.67, 65.83, 1.32, 52.80, 0.01, 0.48, 0.46, 0.12, 0.63, 0.66, 0.47, 0.39, 0.44, 0.26, 0.56, 0.56, 0.40, 4.99, -65.33, 1.00, 1.84, 0.02737, 0.63711
327711, 3, 0.50, 0.50, -1.21, 0.06, 52.64, 65.85, 1.32, 52.80, 0.01, 0.48, 0.49, 0.14, 0.63, 0.62, 0.63, 0.39, 0.41, 0.28, 0.56, 0.56, 0.40, 4.74, -65.35, 1.00, 1.85, 0.02738, 0.64087
327724, 3, 0.50, 0.50, -0.97, -0.07, 52.59, 65.86, 1.32, 52.80, 0.01, 0.48, 0.48, 0.05, 0.63, 0.62, 0.68, 0.39, 0.38, 0.26, 0.56, 0.56, 0.42, 4.63, -65.36, 1.00, 1.86, 0.02738, 0.64664
327738, 3, 0.50, 0.50, -1.00, -0.17, 52.69, 65.87, 1.32, 52.80, 0.01, 0.48, 0.51, 0.04, 0.63, 0.63, 0.74, 0.39, 0.37, 0.23, 0.56, 0.62, 0.11, 4.65, -65.37, 1.00, 1.86, 0.02739, 0.65231
327751, 3, 0.50, 0.50, -1.21, -0.23, 52.70, 65.89, 1.32, 52.80, 0.01, 0.48, 0.49, 0.19, 0.63, 0.61, 0.79, 0.39, 0.38, 0.14, 0.56, 0.59, 0.21, 4.70, -65.39, 1.00, 1.87, 0.02739, 0.65529
327764, 3, 0.50, 0.50, -0.99, -0.39, 52.59, 65.90, 1.32, 52.80, 0.01, 0.48, 0.48, 0.09, 0.63, 0.61, 1.02, 0.39, 0.38, 0.14, 0.56, 0.58, 0.21, 4.61, -65.40, 1.00, 1.87, 0.02740, 0.65499
327778, 3, 0.50, 0.50, -1.25, -0.35, 52.54, 65.92, 1.32, 52.80, 0.01, 0.48, 0.48, 0.14, 0.63, 0.68, 0.60, 0.39, 0.38, 0.11, 0.56, 0.62, 0.21, 4.60, -65.42, 1.00, 1.87, 0.02741, 0.65359
327791, 3, 0.50, 0.50, -1.15, -0.55, 52.32, 65.94, 1.32, 52.80, 0.01, 0.48, 0.46, 0.16, 0.63, 0.62, 0.91, 0.39, 0.39, 0.07, 0.56, 0.56, 0.28, 4.71, -65.44, 1.00, 1.87, 0.02741, 0.65344
327804, 3, 0.50, 0.50, -1.15, -0.44, 51.99, 65.95, 1.32, 52.80, 0.01, 0.48, 0.46, 0.12, 0.63, 0.63, 0.74, 0.39, 0.39, 0.05, 0.56, 0.56, 0.21, 4.76, -65.45, 1.00, 1.87, 0.02743, 0.65496
327818, 3, 0.50, 0.50, -1.06, -0.46, 51.66, 65.97, 1.32, 52.80, 0.01, 0.48, 0.45, 0.09, 0.63, 0.62, 0.82, 0.39, 0.38, 0.04, 0.56, 0.55, 0.21, 4.98, -65.47, 1.00, 1.87, 0.02744, 0.65664
327844, 3, 0.50, 0.50, -1.04, -0.35, 51.22, 65.98, 1.32, 52.80, 0.01, 0.48, 0.45, 0.23, 0.63, 0.58, 1.19, 0.39, 0.38, 0.11, 0.56, 0.52, 0.25, 5.31, -65.48, 1.00, 1.88, 0.02745, 0.65698
327853, 3, 0.50, 0.50, -0.90, -0.21, 50.87, 66.00, 1.32, 52.80, 0.01, 0.48, 0.46, 0.21, 0.63, 0.66, 1.07, 0.39, 0.39, 0.11, 0.56, 0.56, 0.23, 5.63, -65.50, 1.00, 1.88, 0.02747, 0.65570
327861, 3, 0.50, 0.50, -0.96, -0.06, 50.77, 66.01, 1.32, 52.80, 0.01, 0.48, 0.48, 0.14, 0.63, 0.65, 0.74, 0.39, 0.42, 0.05, 0.56, 0.62, 0.23, 6.08, -65.51, 1.00, 1.88, 0.02749, 0.65227
327877, 3, 0.50, 0.50, -1.01, -0.02, 50.69, 66.02, 1.32, 52.80, 0.01, 0.48, 0.54, 0.09, 0.63, 0.65, 1.19, 0.39, 0.41, 0.11, 0.56, 0.58, 0.18, 6.42, -65.52, 1.00, 1.87, 0.02750, 0.64579
327885, 3, 0.50, 0.50, -0.88, -0.02, 50.58, 66.03, 1.32, 52.80, 0.01, 0.48, 0.51, 0.09, 0.63, 0.66, 0.93, 0.39, 0.38, 0.18, 0.56, 0.56, 0.11, 6.53, -65.53, 1.00, 1.86, 0.02751, 0.63752
327898, 3, 0.50, 0.50, -0.74, -0.03, 50.71, 66.04, 1.32, 52.80, 0.01, 0.48, 0.45, 0.32, 0.63, 0.68, 0.67, 0.39, 0.41, 0.07, 0.56, 0.56, 0.18, 6.60, -65.54, 1.00, 1.86, 0.02752, 0.63063
327911, 3, 0.50, 0.50, -1.23, -0.01, 50.77, 66.06, 1.32, 52.80, 0.01, 0.48, 0.48, 0.16, 0.63, 0.59, 1.09, 0.39, 0.42, 0.04, 0.56, 0.56, 0.26, 6.71, -65.56, 1.00, 1.85, 0.02752, 0.62666
327924, 3, 0.50, 0.50, -1.29, -0.02, 50.57, 66.08, 1.32, 52.80, 0.01, 0.48, 0.51, 0.09, 0.63, 0.63, 0.96, 0.39, 0.39, 0.07, 0.56, 0.54, 0.30, 6.59, -65.58, 1.00, 1.85, 0.02753, 0.62575
327938, 3, 0.50, 0.50, -1.34, 0.07, 51.08, 66.09, 1.32, 52.80, 0.01, 0.48, 0.48, 0.05, 0.63, 0.65, 0.84, 0.39, 0.41, 0.05, 0.56, 0.56, 0.28, 6.53, -65.59, 1.00, 1.86, 0.02754, 0.62733
327951, 3, 0.50, 0.50, -1.44, 0.09, 51.42, 66.11, 1.32, 52.80, 0.01, 0.48, 0.51, 0.19, 0.63, 0.63, 0.93, 0.39, 0.41, 0.05, 0.56, 0.55, 0.32, 6.72, -65.61, 1.00, 1.86, 0.02754, 0.62793
327964, 3, 0.50, 0.50, -1.30, 0.06, 51.59, 66.13, 1.32, 52.80, 0.01, 0.48, 0.51, 0.07, 0.63, 0.63, 0.96, 0.39, 0.41, 0.14, 0.56, 0.56, 0.39, 6.22, -65.63, 1.00, 1.86, 0.02754, 0.62669
327978, 3, 0.50, 0.50, -1.26, 0.07, 51.86, 66.15, 1.32, 52.80, 0.01, 0.48, 0.46, 0.23, 0.63, 0.70, 0.81, 0.39, 0.42, 0.19, 0.56, 0.56, 0.39, 5.88, -65.65, 1.00, 1.86, 0.02754, 0.62604
327991, 3, 0.50, 0.50, -1.18, 0.01, 52.15, 66.16, 1.32, 52.80, 0.01, 0.48, 0.46, 0.16, 0.63, 0.62, 0.72, 0.39, 0.41, 0.16, 0.56, 0.56, 0.35, 5.70, -65.66, 1.00, 1.86, 0.02754, 0.62887
328004, 3, 0.50, 0.50, -1.05, -0.06, 52.34, 66.18, 1.32, 52.80, 0.01, 0.48, 0.49, 0.04, 0.63, 0.66, 0.75, 0.39, 0.38, 0.21, 0.56, 0.52, 0.49, 5.43, -65.68, 1.00, 1.87, 0.02754, 0.63509
328018, 3, 0.50, 0.50, -1.06, 0.03, 52.51, 66.19, 1.32, 52.80, 0.01, 0.48, 0.51, 0.07, 0.63, 0.62, 0.82, 0.39, 0.39, 0.11, 0.56, 0.59, 0.30, 5.15, -65.69, 1.00, 1.87, 0.02754, 0.64160
328031, 3, 0.50, 0.50, -0.97, -0.10, 52.62, 66.20, 1.32, 52.80, 0.01, 0.48, 0.49, 0.18, 0.63, 0.65, 0.67, 0.39, 0.39, 0.05, 0.56, 0.63, 0.32, 4.95, -65.70, 1.00, 1.88, 0.02755, 0.64585
328044, 3, 0.50, 0.50, -1.08, -0.18, 52.69, 66.22, 1.32, 52.80, 0.01, 0.48, 0.54, 0.14, 0.63, 0.63, 0.79, 0.39, 0.37, 0.04, 0.56, 0.61, 0.12, 4.79, -65.72, 1.00, 1.88, 0.02755, 0.64904
328058, 3, 0.50, 0.50, -1.03, -0.34, 52.65, 66.23, 1.32, 52.80, 0.01, 0.48, 0.49, 0.32, 0.63, 0.68, 0.37, 0.39, 0.39, 0.05, 0.56, 0.58, 0.19, 4.67, -65.73, 1.00, 1.89, 0.02755, 0.65295
328071, 3, 0.50, 0.50, -1.16, -0.42, 52.54, 66.25, 1.32, 52.80, 0.01, 0.48, 0.49, 0.28, 0.63, 0.63, 0.68, 0.39, 0.41, 0.02, 0.56, 0.58, 0.23, 4.61, -65.75, 1.00, 1.89, 0.02756, 0.65642
328084, 3, 0.50, 0.50, -1.00, -0.55, 52.25, 66.26, 1.32, 52.80, 0.01, 0.48, 0.48, 0.26, 0.63, 0.66, 0.42, 0.39, 0.39, 0.09, 0.56, 0.56, 0.16, 4.65, -65.76, 1.00, 1.89, 0.02757, 0.65899
328098, 3, 0.50, 0.50, -0.96, -0.55, 52.00, 66.28, 1.32, 52.80, 0.01, 0.48, 0.49, 0.19, 0.63, 0.63, 0.61, 0.39, 0.39, 0.12, 0.56, 0.58, 0.14, 4.76, -65.78, 1.00, 1.90, 0.02758, 0.66126
328111, 3, 0.50, 0.50, -0.87, -0.47, 51.72, 66.29, 1.32, 52.80, 0.01, 0.48, 0.48, 0.19, 0.63, 0.63, 0.54, 0.39, 0.41, 0.11, 0.56, 0.52, 0.35, 5.05, -65.79, 1.00, 1.90, 0.02759, 0.66241
328139, 3, 0.50, 0.50, -0.96, -0.32, 51.40, 66.30, 1.32, 52.80, 0.01, 0.48, 0.44, 0.07, 0.63, 0.58, 0.82, 0.39, 0.38, 0.21, 0.56, 0.54, 0.28, 5.29, -65.80, 1.00, 1.90, 0.02761, 0.66137
328151, 3, 0.50, 0.50, -0.82, -0.33, 51.16, 66.31, 1.32, 52.80, 0.01, 0.48, 0.45, 0.14, 0.63, 0.62, 0.74, 0.39, 0.39, 0.16, 0.56, 0.51, 0.60, 5.58, -65.81, 1.00, 1.90, 0.02762, 0.65813
328164, 3, 0.50, 0.50, -0.83, -0.16, 51.02, 66.32, 1.32, 52.80, 0.01, 0.48, 0.45, 0.19, 0.63, 0.61, 0.79, 0.39, 0.38, 0.26, 0.56, 0.54, 0.60, 5.89, -65.82, 1.00, 1.90, 0.02763, 0.65344
328179, 3, 0.50, 0.50, -0.80, -0.05, 51.08, 66.33, 1.32, 52.80, 0.01, 0.48, 0.46, 0.21, 0.63, 0.66, 0.65, 0.39, 0.38, 0.33, 0.56, 0.54, 0.74, 6.13, -65.83, 1.00, 1.89, 0.02765, 0.64804
328191, 3, 0.50, 0.50, -0.97, 0.09, 51.18, 66.35, 1.32, 52.80, 0.01, 0.48, 0.51, 0.14, 0.63, 0.63, 0.63, 0.39, 0.42, 0.19, 0.56, 0.55, 0.72, 6.27, -65.85, 1.00, 1.89, 0.02765, 0.64203
328204, 3, 0.50, 0.50, -0.97, 0.21, 51.21, 66.36, 1.32, 52.80, 0.01, 0.48, 0.54, 0.16, 0.63, 0.63, 0.65, 0.39, 0.44, 0.02, 0.56, 0.56, 0.67, 6.22, -65.86, 1.00, 1.88, 0.02766, 0.63633
328218, 3, 0.50, 0.50, -0.83, -0.01, 51.47, 66.37, 1.32, 52.80, 0.01, 0.48, 0.46, 0.11, 0.63, 0.66, 0.58, 0.39, 0.39, 0.07, 0.56, 0.56, 0.67, 6.12, -65.87, 1.00, 1.88, 0.02766, 0.63307
328231, 3, 0.50, 0.50, -0.61, 0.01, 51.78, 66.38, 1.32, 52.80, 0.01, 0.48, 0.54, 0.14, 0.63, 0.68, 0.35, 0.39, 0.41, 0.05, 0.56, 0.58, 0.60, 6.09, -65.88, 1.00, 1.88, 0.02767, 0.63285
328244, 3, 0.50, 0.50, -0.78, 0.21, 52.25, 66.39, 1.32, 52.80, 0.01, 0.48, 0.51, 0.07, 0.63, 0.63, 0.51, 0.39, 0.44, 0.07, 0.56, 0.58, 0.67, 5.83, -65.89, 1.00, 1.88, 0.02767, 0.63406
328258, 3, 0.50, 0.50, -0.59, 0.21, 52.47, 66.40, 1.32, 52.80, 0.01, 0.48, 0.46, 0.19, 0.63, 0.66, 0.44, 0.39, 0.39, 0.14, 0.56, 0.58, 0.47, 5.52, -65.90, 1.00, 1.88, 0.02766, 0.63496
328271, 3, 0.50, 0.50, -0.68, 0.16, 52.86, 66.40, 1.32, 52.80, 0.01, 0.48, 0.51, 0.07, 0.63, 0.62, 0.49, 0.39, 0.41, 0.07, 0.56, 0.56, 0.63, 5.05, -65.90, 1.00, 1.89, 0.02766, 0.63710
328284, 3, 0.50, 0.50, -0.68, -0.02, 53.18, 66.41, 1.32, 52.80, 0.01, 0.48, 0.49, 0.09, 0.63, 0.65, 0.54, 0.39, 0.41, 0.05, 0.56, 0.58, 0.60, 4.82, -65.91, 1.00, 1.89, 0.02766, 0.64183
328298, 3, 0.50, 0.50, -0.72, -0.17, 53.36, 66.42, 1.32, 52.80, 0.01, 0.48, 0.48, 0.04, 0.63, 0.63, 0.58, 0.39, 0.37, 0.11, 0.56, 0.56, 0.56, 4.43, -65.92, 1.00, 1.90, 0.02766, 0.64853
328311, 3, 0.50, 0.50, -0.78, -0.17, 53.55, 66.43, 1.32, 52.80, 0.01, 0.48, 0.52, 0.14, 0.63, 0.63, 0.61, 0.39, 0.39, 0.04, 0.56, 0.61, 0.44, 4.12, -65.93, 1.00, 1.90, 0.02766, 0.65519
328324, 3, 0.50, 0.50, -0.93, -0.22, 53.71, 66.45, 1.32, 52.80, 0.01, 0.48, 0.51, 0.26, 0.63, 0.69, 0.33, 0.39, 0.41, 0.04, 0.56, 0.61, 0.28, 3.94, -65.95, 1.00, 1.91, 0.02766, 0.66072
328338, 3, 0.50, 0.50, -0.92, -0.30, 53.63, 66.46, 1.32, 52.80, 0.01, 0.48, 0.49, 0.25, 0.63, 0.59, 0.56, 0.39, 0.39, 0.05, 0.56, 0.59, 0.25, 3.74, -65.96, 1.00, 1.91, 0.02766, 0.66536
328351, 3, 0.50, 0.50, -0.92, -0.39, 53.41, 66.47, 1.32, 52.80, 0.01, 0.48, 0.48, 0.23, 0.63, 0.68, 0.35, 0.39, 0.39, 0.02, 0.56, 0.59, 0.26, 3.58, -65.97, 1.00, 1.92, 0.02767, 0.66978
328364, 3, 0.50, 0.50, -1.01, -0.35, 53.20, 66.49, 1.32, 52.80, 0.01, 0.48, 0.48, 0.12, 0.63, 0.62, 0.53, 0.39, 0.39, 0.09, 0.56, 0.63, 0.21, 3.66, -65.99, 1.00, 1.92, 0.02768, 0.67427
328378, 3, 0.50, 0.50, -0.91, -0.25, 52.74, 66.50, 1.32, 52.80, 0.01, 0.48, 0.49, 0.18, 0.63, 0.63, 0.49, 0.39, 0.39, 0.11, 0.56, 0.56, 0.18, 3.89, -66.00, 1.00, 1.93, 0.02769, 0.67774
328391, 3, 0.50, 0.50, -0.94, -0.48, 52.26, 66.51, 1.32, 52.80, 0.01, 0.48, 0.46, 0.07, 0.63, 0.62, 0.56, 0.39, 0.38, 0.21, 0.56, 0.54, 0.26, 4.10, -66.01, 1.00, 1.93, 0.02770, 0.67955
328404, 3, 0.50, 0.50, -0.99, -0.40, 51.75, 66.53, 1.32, 52.80, 0.01, 0.48, 0.46, 0.05, 0.63, 0.61, 0.58, 0.39, 0.39, 0.16, 0.56, 0.52, 0.33, 4.56, -66.03, 1.00, 1.93, 0.02772, 0.67865
328418, 3, 0.50, 0.50, -0.92, -0.15, 51.12, 66.54, 1.32, 52.80, 0.01, 0.48, 0.46, 0.09, 0.63, 0.61, 0.75, 0.39, 0.42, 0.07, 0.56, 0.49, 0.44, 5.03, -66.04, 1.00, 1.93, 0.02774, 0.67526
328444, 3, 0.50, 0.50, -0.93, -0.10, 50.74, 66.55, 1.32, 52.80, 0.01, 0.48, 0.46, 0.21, 0.63, 0.58, 1.00, 0.39, 0.38, 0.23, 0.56, 0.52, 0.61, 5.55, -66.05, 1.00, 1.93, 0.02776, 0.67034
328453, 3, 0.50, 0.50, -0.73, 0.01, 50.45, 66.56, 1.32, 52.80, 0.01, 0.48, 0.48, 0.12, 0.63, 0.63, 0.93, 0.39, 0.39, 0.25, 0.56, 0.55, 0.77, 6.18, -66.06, 1.00, 1.93, 0.02778, 0.66324
328461, 3, 0.50, 0.50, -1.08, 0.24, 50.44, 66.57, 1.32, 52.80, 0.01, 0.48, 0.48, 0.14, 0.63, 0.66, 0.63, 0.39, 0.42, 0.11, 0.56, 0.56, 0.65, 6.56, -66.07, 1.00, 1.92, 0.02779, 0.65361
328477, 3, 0.50, 0.50, -1.58, 0.40, 50.05, 66.59, 1.32, 52.80, 0.01, 0.48, 0.49, 0.12, 0.63, 0.61, 0.88, 0.39, 0.41, 0.09, 0.56, 0.63, 0.39, 6.84, -66.09, 1.00, 1.91, 0.02780, 0.64266
328485, 3, 0.50, 0.50, -0.47, 0.11, 49.57, 66.60, 1.32, 52.80, 0.01, 0.48, 0.46, 0.16, 0.63, 0.68, 0.65, 0.39, 0.38, 0.32, 0.56, 0.61, 0.37, 6.86, -66.10, 1.00, 1.90, 0.02782, 0.63481
328498, 3, 0.50, 0.50, -1.37, -0.20, 49.73, 66.62, 1.32, 52.80, 0.01, 0.48, 0.49, 0.32, 0.63, 0.61, 0.47, 0.39, 0.42, 0.12, 0.56, 0.55, 0.33, 7.24, -66.12, 1.00, 1.91, 0.02784, 0.63281
328511, 3, 0.50, 0.50, -1.15, -0.00, 49.80, 66.63, 1.32, 52.80, 0.01, 0.48, 0.52, 0.07, 0.63, 0.65, 0.77, 0.39, 0.45, 0.12, 0.56, 0.59, 0.35, 7.73, -66.13, 1.00, 1.91, 0.02784, 0.63266
328524, 3, 0.50, 0.50, -1.04, 0.33, 49.91, 66.65, 1.32, 52.80, 0.01, 0.48, 0.45, 0.11, 0.63, 0.66, 0.65, 0.39, 0.41, 0.09, 0.56, 0.56, 0.39, 7.56, -66.15, 1.00, 1.90, 0.02785, 0.62908
328538, 3, 0.50, 0.50, -0.70, -0.12, 50.28, 66.66, 1.32, 52.80, 0.01, 0.48, 0.52, 0.28, 0.63, 0.63, 0.65, 0.39, 0.41, 0.05, 0.56, 0.58, 0.35, 7.49, -66.16, 1.00, 1.90, 0.02786, 0.62227
328551, 3, 0.50, 0.50, -1.08, 0.37, 50.77, 66.67, 1.32, 52.80, 0.01, 0.48, 0.51, 0.11, 0.63, 0.65, 0.53, 0.39, 0.42, 0.12, 0.56, 0.56, 0.40, 7.38, -66.17, 1.00, 1.89, 0.02786, 0.61729
328564, 3, 0.50, 0.50, -1.05, -0.05, 51.11, 66.68, 1.32, 52.80, 0.01, 0.48, 0.46, 0.28, 0.63, 0.63, 0.60, 0.39, 0.42, 0.23, 0.56, 0.58, 0.35, 7.02, -66.18, 1.00, 1.89, 0.02786, 0.61697
328578, 3, 0.50, 0.50, -1.08, -0.02, 51.31, 66.70, 1.32, 52.80, 0.01, 0.48, 0.52, 0.09, 0.63, 0.65, 0.54, 0.39, 0.37, 0.12, 0.56, 0.56, 0.46, 6.53, -66.20, 1.00, 1.90, 0.02786, 0.62057
328591, 3, 0.50, 0.50, -1.06, -0.10, 51.53, 66.71, 1.32, 52.80, 0.01, 0.48, 0.49, 0.18, 0.63, 0.63, 0.63, 0.39, 0.38, 0.02, 0.56, 0.61, 0.14, 6.18, -66.21, 1.00, 1.90, 0.02786, 0.62669
328604, 3, 0.50, 0.50, -1.05, -0.46, 51.71, 66.73, 1.32, 52.80, 0.01, 0.48, 0.46, 0.12, 0.63, 0.63, 0.63, 0.39, 0.41, 0.04, 0.56, 0.59, 0.25, 5.99, -66.23, 1.00, 1.91, 0.02786, 0.63509
328618, 3, 0.50, 0.50, -1.10, -0.40, 51.88, 66.74, 1.32, 52.80, 0.01, 0.48, 0.48, 0.18, 0.63, 0.66, 0.40, 0.39, 0.39, 0.05, 0.56, 0.61, 0.21, 5.77, -66.24, 1.00, 1.92, 0.02786, 0.64364
328631, 3, 0.50, 0.50, -1.04, -0.56, 51.93, 66.76, 1.32, 52.80, 0.01, 0.48, 0.51, 0.21, 0.63, 0.65, 0.46, 0.39, 0.38, 0.05, 0.56, 0.55, 0.26, 5.59, -66.26, 1.00, 1.93, 0.02787, 0.64873
328644, 3, 0.50, 0.50, -1.01, -0.65, 51.81, 66.77, 1.32, 52.80, 0.01, 0.48, 0.48, 0.25, 0.63, 0.65, 0.39, 0.39, 0.38, 0.07, 0.56, 0.56, 0.18, 5.42, -66.27, 1.00, 1.93, 0.02787, 0.65111
328658, 3, 0.50, 0.50, -1.07, -0.62, 51.57, 66.79, 1.32, 52.80, 0.01, 0.48, 0.46, 0.18, 0.63, 0.63, 0.46, 0.39, 0.39, 0.05, 0.56, 0.61, 0.21, 5.37, -66.29, 1.00, 1.93, 0.02788, 0.65393
328671, 3, 0.50, 0.50, -0.90, -0.67, 51.27, 66.80, 1.32, 52.80, 0.01, 0.48, 0.46, 0.09, 0.63, 0.62, 0.46, 0.39, 0.39, 0.14, 0.56, 0.56, 0.18, 5.48, -66.30, 1.00, 1.94, 0.02789, 0.65803
328684, 3, 0.50, 0.50, -1.00, -0.54, 51.05, 66.81, 1.32, 52.80, 0.01, 0.48, 0.45, 0.07, 0.63, 0.61, 0.60, 0.39, 0.39, 0.12, 0.56, 0.52, 0.26, 5.72, -66.31, 1.00, 1.94, 0.02791, 0.66130
328698, 3, 0.50, 0.50, -0.91, -0.52, 50.65, 66.83, 1.32, 52.80, 0.01, 0.48, 0.45, 0.14, 0.63, 0.59, 0.65, 0.39, 0.41, 0.11, 0.56, 0.49, 0.42, 6.03, -66.33, 1.00, 1.95, 0.02792, 0.66121
328711, 3, 0.50, 0.50, -0.89, -0.27, 50.25, 66.84, 1.32, 52.80, 0.01, 0.48, 0.46, 0.19, 0.63, 0.62, 0.63, 0.39, 0.38, 0.26, 0.56, 0.51, 0.58, 6.25, -66.34, 1.00, 1.94, 0.02794, 0.65807
328739, 3, 0.50, 0.50, -0.93, 0.03, 50.11, 66.85, 1.32, 52.80, 0.01, 0.48, 0.46, 0.18, 0.63, 0.61, 0.84, 0.39, 0.41, 0.25, 0.56, 0.54, 0.74, 6.65, -66.35, 1.00, 1.94, 0.02796, 0.65365
328751, 3, 0.50, 0.50, -0.93, 0.29, 49.96, 66.86, 1.32, 52.80, 0.01, 0.48, 0.48, 0.19, 0.63, 0.61, 0.84, 0.39, 0.41, 0.14, 0.56, 0.55, 0.68, 7.04, -66.36, 1.00, 1.94, 0.02797, 0.64846
328764, 3, 0.50, 0.50, -0.94, 0.28, 49.90, 66.88, 1.32, 52.80, 0.01, 0.48, 0.51, 0.16, 0.63, 0.61, 1.11, 0.39, 0.41, 0.05, 0.56, 0.56, 0.74, 7.19, -66.38, 1.00, 1.93, 0.02798, 0.64222
328779, 3, 0.50, 0.50, -0.86, 0.39, 50.04, 66.89, 1.32, 52.80, 0.01, 0.48, 0.48, 0.14, 0.63, 0.63, 0.98, 0.39, 0.41, 0.04, 0.56, 0.58, 0.68, 7.34, -66.39, 1.00, 1.93, 0.02799, 0.63546
328791, 3, 0.50, 0.50, -0.91, 0.30, 50.27, 66.90, 1.32, 52.80, 0.01, 0.48, 0.51, 0.14, 0.63, 0.63, 0.91, 0.39, 0.44, 0.11, 0.56, 0.58, 0.63, 7.40, -66.40, 1.00, 1.92, 0.02799, 0.62969
328804, 3, 0.50, 0.50, -0.86, 0.39, 50.56, 66.91, 1.32, 52.80, 0.01, 0.48, 0.48, 0.04, 0.63, 0.65, 0.98, 0.39, 0.44, 0.18, 0.56, 0.59, 0.49, 7.26, -66.41, 1.00, 1.92, 0.02800, 0.62610
328818, 3, 0.50, 0.50, -0.84, 0.40, 50.98, 66.92, 1.32, 52.80, 0.01, 0.48, 0.46, 0.21, 0.63, 0.72, 0.51, 0.39, 0.42, 0.26, 0.56, 0.59, 0.47, 7.02, -66.42, 1.00, 1.92, 0.02800, 0.62479
328831, 3, 0.50, 0.50, -0.86, 0.15, 51.41, 66.93, 1.32, 52.80, 0.01, 0.48, 0.49, 0.09, 0.63, 0.63, 0.68, 0.39, 0.42, 0.26, 0.56, 0.59, 0.37, 6.74, -66.43, 1.00, 1.92, 0.02800, 0.62526
328844, 3, 0.50, 0.50, -0.84, 0.07, 51.70, 66.94, 1.32, 52.80, 0.01, 0.48, 0.49, 0.05, 0.63, 0.70, 0.30, 0.39, 0.44, 0.26, 0.56, 0.58, 0.40, 6.31, -66.44, 1.00, 1.92, 0.02800, 0.62801
328858, 3, 0.50, 0.50, -0.89, -0.22, 51.81, 66.95, 1.32, 52.80, 0.01, 0.48, 0.49, 0.05, 0.63, 0.61, 0.63, 0.39, 0.42, 0.30, 0.56, 0.58, 0.37, 5.89, -66.45, 1.00, 1.93, 0.02800, 0.63359
328871, 3, 0.50, 0.50, -0.84, -0.10, 51.81, 66.96, 1.32, 52.80, 0.01, 0.48, 0.51, 0.05, 0.63, 0.63, 0.63, 0.39, 0.39, 0.28, 0.56, 0.56, 0.39, 5.60, -66.46, 1.00, 1.94, 0.02800, 0.64166
328884, 3, 0.50, 0.50, -0.88, -0.17, 51.86, 66.98, 1.32, 52.80, 0.01, 0.48, 0.48, 0.18, 0.63, 0.66, 0.49, 0.39, 0.38, 0.26, 0.56, 0.59, 0.21, 5.48, -66.48, 1.00, 1.95, 0.02801, 0.65095
328898, 3, 0.50, 0.50, -0.90, -0.36, 51.79, 66.99, 1.32, 52.80, 0.01, 0.48, 0.48, 0.16, 0.63, 0.59, 0.63, 0.39, 0.38, 0.25, 0.56, 0.59, 0.23, 5.49, -66.49, 1.00, 1.96, 0.02801, 0.65837
328911, 3, 0.50, 0.50, -0.97, -0.35, 51.61, 67.00, 1.32, 52.80, 0.01, 0.48, 0.49, 0.18, 0.63, 0.68, 0.32, 0.39, 0.37, 0.11, 0.56, 0.61, 0.28, 5.44, -66.50, 1.00, 1.96, 0.02802, 0.66177
328924, 3, 0.50, 0.50, -0.87, -0.56, 51.44, 67.01, 1.32, 52.80, 0.01, 0.48, 0.48, 0.19, 0.63, 0.63, 0.58, 0.39, 0.37, 0.02, 0.56, 0.55, 0.18, 5.51, -66.51, 1.00, 1.96, 0.02803, 0.66213
328938, 3, 0.50, 0.50, -1.05, -0.41, 51.24, 67.03, 1.32, 52.80, 0.01, 0.48, 0.48, 0.18, 0.63, 0.63, 0.56, 0.39, 0.39, 0.04, 0.56, 0.56, 0.21, 5.69, -66.53, 1.00, 1.96, 0.02804, 0.66162
328951, 3, 0.50, 0.50, -1.00, -0.60, 50.89, 67.04, 1.32, 52.80, 0.01, 0.48, 0.49, 0.12, 0.63, 0.62, 0.65, 0.39, 0.38, 0.02, 0.56, 0.62, 0.18, 5.86, -66.54, 1.00, 1.96, 0.02806, 0.66094
328964, 3, 0.50, 0.50, -0.98, -0.39, 50.41, 67.06, 1.32, 52.80, 0.01, 0.48, 0.46, 0.04, 0.63, 0.61, 0.70, 0.39, 0.38, 0.05, 0.56, 0.54, 0.26, 6.06, -66.56, 1.00, 1.97, 0.02807, 0.65990
328978, 3, 0.50, 0.50, -1.03, -0.39, 50.10, 67.07, 1.32, 52.80, 0.01, 0.48, 0.44, 0.16, 0.63, 0.61, 0.77, 0.39, 0.38, 0.14, 0.56, 0.51, 0.44, 6.41, -66.57, 1.00, 1.97, 0.02809, 0.65863
328991, 3, 0.50, 0.50, -0.87, -0.22, 49.86, 67.08, 1.32, 52.80, 0.01, 0.48, 0.48, 0.12, 0.63, 0.65, 0.56, 0.39, 0.38, 0.18, 0.56, 0.51, 0.56, 6.89, -66.58, 1.00, 1.97, 0.02811, 0.65631
329004, 3, 0.50, 0.50, -1.00, -0.26, 49.95, 67.10, 1.32, 52.80, 0.01, 0.48, 0.45, 0.19, 0.63, 0.58, 1.00, 0.39, 0.39, 0.12, 0.56, 0.49, 0.70, 7.19, -66.60, 1.00, 1.96, 0.02812, 0.65145
329018, 3, 0.50, 0.50, -0.83, -0.08, 49.80, 67.11, 1.32, 52.80, 0.01, 0.48, 0.45, 0.32, 0.63, 0.65, 0.65, 0.39, 0.39, 0.19, 0.56, 0.54, 0.72, 7.44, -66.61, 1.00, 1.96, 0.02813, 0.64296
329044, 3, 0.50, 0.50, -0.95, 0.15, 50.09, 67.12, 1.32, 52.80, 0.01, 0.48, 0.46, 0.35, 0.63, 0.62, 0.82, 0.39, 0.41, 0.16, 0.56, 0.55, 0.86, 7.35, -66.62, 1.00, 1.95, 0.02814, 0.63444
329053, 3, 0.50, 0.50, -1.00, 0.37, 50.33, 67.13, 1.32, 52.80, 0.01, 0.48, 0.48, 0.30, 0.63, 0.63, 0.75, 0.39, 0.42, 0.07, 0.56, 0.55, 0.79, 7.50, -66.63, 1.00, 1.94, 0.02814, 0.62881
329061, 3, 0.50, 0.50, -0.95, 0.47, 50.55, 67.15, 1.32, 52.80, 0.01, 0.48, 0.48, 0.37, 0.63, 0.68, 0.67, 0.39, 0.41, 0.07, 0.56, 0.56, 0.81, 7.20, -66.65, 1.00, 1.94, 0.02815, 0.62688
329077, 3, 0.50, 0.50, -0.94, 0.64, 50.82, 67.16, 1.32, 52.80, 0.01, 0.48, 0.51, 0.28, 0.63, 0.66, 0.39, 0.39, 0.38, 0.21, 0.56, 0.61, 0.53, 6.97, -66.66, 1.00, 1.94, 0.02815, 0.62766
329085, 3, 0.50, 0.50, -0.98, 0.36, 51.15, 67.17, 1.32, 52.80, 0.01, 0.48, 0.55, 0.09, 0.63, 0.70, 0.25, 0.39, 0.41, 0.16, 0.56, 0.61, 0.39, 6.75, -66.67, 1.00, 1.95, 0.02815, 0.63055
329098, 3, 0.50, 0.50, -0.83, 0.16, 51.27, 67.18, 1.32, 52.80, 0.01, 0.48, 0.52, 0.07, 0.63, 0.61, 0.28, 0.39, 0.44, 0.04, 0.56, 0.55, 0.39, 6.48, -66.68, 1.00, 1.95, 0.02815, 0.63497
329111, 3, 0.50, 0.50, -0.88, -0.06, 51.47, 67.19, 1.32, 52.80, 0.01, 0.48, 0.46, 0.40, 0.63, 0.65, 0.53, 0.39, 0.44, 0.18, 0.56, 0.56, 0.47, 6.15, -66.69, 1.00, 1.96, 0.02816, 0.64035
329124, 3, 0.50, 0.50, -0.90, 0.19, 51.67, 67.20, 1.32, 52.80, 0.01, 0.48, 0.55, 0.12, 0.63, 0.63, 0.35, 0.39, 0.44, 0.21, 0.56, 0.56, 0.51, 6.02, -66.70, 1.00, 1.96, 0.02816, 0.64568
329138, 3, 0.50, 0.50, -0.91, -0.16, 51.73, 67.22, 1.32, 52.80, 0.01, 0.48, 0.48, 0.25, 0.63, 0.62, 0.61, 0.39, 0.42, 0.26, 0.56, 0.58, 0.49, 5.83, -66.72, 1.00, 1.97, 0.02816, 0.65002
329151, 3, 0.50, 0.50, -0.84, 0.12, 51.80, 67.23, 1.32, 52.80, 0.01, 0.48, 0.45, 0.25, 0.63, 0.63, 0.61, 0.39, 0.38, 0.23, 0.56, 0.58, 0.46, 5.63, -66.73, 1.00, 1.97, 0.02817, 0.65380
329164, 3, 0.50, 0.50, -0.89, 0.11, 51.91, 67.24, 1.32, 52.80, 0.01, 0.48, 0.51, 0.07, 0.63, 0.63, 0.58, 0.39, 0.38, 0.11, 0.56, 0.59, 0.32, 5.56, -66.74, 1.00, 1.98, 0.02817, 0.65664
329178, 3, 0.50, 0.50, -1.03, 0.06, 52.05, 67.25, 1.32, 52.80, 0.01, 0.48, 0.51, 0.14, 0.63, 0.62, 0.72, 0.39, 0.39, 0.05, 0.56, 0.61, 0.26, 5.49, -66.75, 1.00, 1.98, 0.02818, 0.65863
329191, 3, 0.50, 0.50, -0.92, 0.01, 52.01, 67.26, 1.32, 52.80, 0.01, 0.48, 0.46, 0.16, 0.63, 0.72, 0.32, 0.39, 0.39, 0.09, 0.56, 0.59, 0.21, 5.38, -66.76, 1.00, 1.98, 0.02818, 0.65977
329204, 3, 0.50, 0.50, -0.95, -0.09, 51.90, 67.28, 1.32, 52.80, 0.01, 0.48, 0.45, 0.05, 0.63, 0.62, 0.39, 0.39, 0.39, 0.09, 0.56, 0.59, 0.19, 5.24, -66.78, 1.00, 1.98, 0.02819, 0.66081
329218, 3, 0.50, 0.50, -0.95, 0.02, 51.56, 67.29, 1.32, 52.80, 0.01, 0.48, 0.48, 0.12, 0.63, 0.63, 0.44, 0.39, 0.41, 0.09, 0.56, 0.56, 0.18, 5.29, -66.79, 1.00, 1.99, 0.02820, 0.66284
329231, 3, 0.50, 0.50, -0.81, -0.16, 51.16, 67.30, 1.32, 52.80, 0.01, 0.48, 0.48, 0.12, 0.63, 0.62, 0.44, 0.39, 0.41, 0.12, 0.56, 0.55, 0.19, 5.39, -66.80, 1.00, 1.99, 0.02821, 0.66672
329244, 3, 0.50, 0.50, -0.89, -0.33, 50.92, 67.31, 1.32, 52.80, 0.01, 0.48, 0.42, 0.16, 0.63, 0.61, 0.47, 0.39, 0.38, 0.11, 0.56, 0.55, 0.19, 5.73, -66.81, 1.00, 2.00, 0.02823, 0.67038
329258, 3, 0.50, 0.50, -0.83, -0.40, 50.43, 67.32, 1.32, 52.80, 0.01, 0.48, 0.45, 0.18, 0.63, 0.61, 0.61, 0.39, 0.38, 0.02, 0.56, 0.52, 0.23, 6.14, -66.82, 1.00, 2.00, 0.02824, 0.67025
329271, 3, 0.50, 0.50, -0.74, -0.26, 50.05, 67.33, 1.32, 52.80, 0.01, 0.48, 0.48, 0.14, 0.63, 0.62, 0.60, 0.39, 0.38, 0.02, 0.56, 0.51, 0.40, 6.37, -66.83, 1.00, 2.00, 0.02826, 0.66630
329284, 3, 0.50, 0.50, -0.94, -0.04, 49.85, 67.35, 1.32, 52.80, 0.01, 0.48, 0.45, 0.14, 0.63, 0.61, 0.67, 0.39, 0.38, 0.11, 0.56, 0.52, 0.54, 6.87, -66.85, 1.00, 2.00, 0.02828, 0.66036
329298, 3, 0.50, 0.50, -1.25, 0.29, 49.62, 67.36, 1.32, 52.80, 0.01, 0.48, 0.46, 0.35, 0.63, 0.61, 0.77, 0.39, 0.38, 0.18, 0.56, 0.54, 0.60, 7.24, -66.86, 1.00, 1.99, 0.02829, 0.65375
329311, 3, 0.50, 0.50, -0.80, 0.21, 49.49, 67.37, 1.32, 52.80, 0.01, 0.48, 0.48, 0.28, 0.63, 0.62, 0.74, 0.39, 0.39, 0.12, 0.56, 0.55, 0.72, 7.44, -66.87, 1.00, 1.99, 0.02830, 0.64693
329339, 3, 0.50, 0.50, -1.20, 0.25, 49.74, 67.39, 1.32, 52.80, 0.01, 0.48, 0.48, 0.21, 0.63, 0.63, 0.67, 0.39, 0.39, 0.11, 0.56, 0.56, 0.67, 7.67, -66.89, 1.00, 1.98, 0.02832, 0.64035
329351, 3, 0.50, 0.50, -0.95, 0.16, 49.97, 67.40, 1.32, 52.80, 0.01, 0.48, 0.51, 0.11, 0.63, 0.63, 0.72, 0.39, 0.39, 0.14, 0.56, 0.61, 0.32, 7.81, -66.90, 1.00, 1.98, 0.02832, 0.63385
329364, 3, 0.50, 0.50, -0.73, -0.01, 50.33, 67.41, 1.32, 52.80, 0.01, 0.48, 0.52, 0.14, 0.63, 0.68, 0.54, 0.39, 0.44, 0.05, 0.56, 0.56, 0.49, 7.56, -66.91, 1.00, 1.97, 0.02832, 0.62861
329379, 3, 0.50, 0.50, -0.37, -0.06, 50.70, 67.41, 1.32, 52.80, 0.01, 0.48, 0.48, 0.18, 0.63, 0.72, 0.14, 0.39, 0.44, 0.11, 0.56, 0.56, 0.47, 7.33, -66.91, 1.00, 1.97, 0.02832, 0.62578
329391, 3, 0.50, 0.50, -0.39, -0.03, 51.16, 67.42, 1.32, 52.80, 0.01, 0.48, 0.52, 0.14, 0.63, 0.66, 0.37, 0.39, 0.38, 0.12, 0.56, 0.61, 0.32, 6.96, -66.92, 1.00, 1.97, 0.02832, 0.62648
329404, 3, 0.50, 0.50, -0.66, -0.23, 51.52, 67.43, 1.32, 52.80, 0.01, 0.48, 0.48, 0.19, 0.63, 0.65, 0.35, 0.39, 0.39, 0.04, 0.56, 0.56, 0.42, 6.60, -66.93, 1.00, 1.97, 0.02832, 0.63090
329418, 3, 0.50, 0.50, -0.72, -0.03, 51.61, 67.44, 1.32, 52.80, 0.01, 0.48, 0.49, 0.11, 0.63, 0.61, 0.44, 0.39, 0.42, 0.07, 0.56, 0.55, 0.49, 6.14, -66.94, 1.00, 1.98, 0.02832, 0.63763
329431, 3, 0.50, 0.50, -0.85, -0.19, 51.77, 67.45, 1.32, 52.80, 0.01, 0.48, 0.48, 0.09, 0.63, 0.65, 0.33, 0.39, 0.35, 0.11, 0.56, 0.54, 0.68, 5.77, -66.95, 1.00, 1.99, 0.02833, 0.64585
329444, 3, 0.50, 0.50, -0.86, -0.40, 51.98, 67.46, 1.32, 52.80, 0.01, 0.48, 0.49, 0.11, 0.63, 0.65, 0.33, 0.39, 0.38, 0.16, 0.56, 0.62, 0.28, 5.68, -66.96, 1.00, 2.00, 0.02833, 0.65459
329458, 3, 0.50, 0.50, -0.84, -0.44, 51.99, 67.47, 1.32, 52.80, 0.01, 0.48, 0.49, 0.25, 0.63, 0.62, 0.54, 0.39, 0.39, 0.16, 0.56, 0.55, 0.37, 5.53, -66.97, 1.00, 2.00, 0.02833, 0.66145
329471, 3, 0.50, 0.50, -0.85, -0.59, 51.83, 67.49, 1.32, 52.80, 0.01, 0.48, 0.48, 0.26, 0.63, 0.62, 0.61, 0.39, 0.39, 0.16, 0.56, 0.58, 0.26, 5.31, -66.99, 1.00, 2.01, 0.02834, 0.66499
329484, 3, 0.50, 0.50, -0.91, -0.56, 51.75, 67.50, 1.32, 52.80, 0.01, 0.48, 0.46, 0.21, 0.63, 0.66, 0.21, 0.39, 0.39, 0.12, 0.56, 0.59, 0.32, 5.31, -67.00, 1.00, 2.01, 0.02835, 0.66715
329498, 3, 0.50, 0.50, -0.86, -0.47, 51.58, 67.51, 1.32, 52.80, 0.01, 0.48, 0.48, 0.14, 0.63, 0.66, 0.28, 0.39, 0.39, 0.18, 0.56, 0.55, 0.25, 5.47, -67.01, 1.00, 2.02, 0.02836, 0.66946
329511, 3, 0.50, 0.50, -0.82, -0.50, 51.43, 67.52, 1.32, 52.80, 0.01, 0.48, 0.48, 0.14, 0.63, 0.63, 0.39, 0.39, 0.39, 0.33, 0.56, 0.56, 0.28, 5.55, -67.02, 1.00, 2.02, 0.02837, 0.67121
329524, 3, 0.50, 0.50, -0.76, -0.58, 51.31, 67.53, 1.32, 52.80, 0.01, 0.48, 0.48, 0.14, 0.63, 0.62, 0.44, 0.39, 0.38, 0.33, 0.56, 0.56, 0.23, 5.71, -67.03, 1.00, 2.02, 0.02838, 0.67038
329538, 3, 0.50, 0.50, -0.83, -0.54, 51.19, 67.55, 1.32, 52.80, 0.01, 0.48, 0.48, 0.05, 0.63, 0.65, 0.30, 0.39, 0.38, 0.40, 0.56, 0.54, 0.18, 5.87, -67.05, 1.00, 2.02, 0.02839, 0.66718
329551, 3, 0.50, 0.50, -0.85, -0.53, 51.05, 67.56, 1.32, 52.80, 0.01, 0.48, 0.48, 0.04, 0.63, 0.56, 0.81, 0.39, 0.38, 0.54, 0.56, 0.52, 0.47, 5.99, -67.06, 1.00, 2.02, 0.02840, 0.66383
329564, 3, 0.50, 0.50, -0.71, -0.37, 50.90, 67.57, 1.32, 52.80, 0.01, 0.48, 0.44, 0.19, 0.63, 0.63, 0.47, 0.39, 0.38, 0.63, 0.56, 0.52, 0.65, 6.10, -67.07, 1.00, 2.02, 0.02841, 0.66149
329578, 3, 0.50, 0.50, -0.83, -0.25, 50.84, 67.58, 1.32, 52.80, 0.01, 0.48, 0.46, 0.16, 0.63, 0.59, 0.72, 0.39, 0.38, 0.58, 0.56, 0.54, 0.70, 6.25, -67.08, 1.00, 2.02, 0.02842, 0.65985
329591, 3, 0.50, 0.50, -0.72, 0.06, 50.81, 67.59, 1.32, 52.80, 0.01, 0.48, 0.48, 0.12, 0.63, 0.61, 0.70, 0.39, 0.39, 0.54, 0.56, 0.52, 0.77, 6.40, -67.09, 1.00, 2.02, 0.02843, 0.65826
329604, 3, 0.50, 0.50, -0.82, 0.26, 50.92, 67.60, 1.32, 52.80, 0.01, 0.48, 0.49, 0.14, 0.63, 0.62, 0.75, 0.39, 0.41, 0.49, 0.56, 0.59, 0.47, 6.46, -67.10, 1.00, 2.01, 0.02844, 0.65617
329618, 3, 0.50, 0.50, -0.99, 0.33, 51.11, 67.61, 1.32, 52.80, 0.01, 0.48, 0.48, 0.09, 0.63, 0.65, 0.60, 0.39, 0.42, 0.42, 0.56, 0.59, 0.44, 6.48, -67.11, 1.00, 2.01, 0.02844, 0.65319
329644, 3, 0.50, 0.50, -0.80, 0.11, 51.26, 67.62, 1.32, 52.80, 0.01, 0.48, 0.51, 0.05, 0.63, 0.65, 0.61, 0.39, 0.41, 0.09, 0.56, 0.58, 0.33, 6.37, -67.12, 1.00, 2.01, 0.02845, 0.65024
329658, 3, 0.50, 0.50, -0.74, 0.07, 51.36, 67.63, 1.32, 52.80, 0.01, 0.48, 0.48, 0.11, 0.63, 0.63, 0.75, 0.39, 0.45, 0.11, 0.56, 0.59, 0.09, 6.19, -67.13, 1.00, 2.01, 0.02845, 0.64907
329671, 3, 0.50, 0.50, -0.73, -0.05, 51.52, 67.64, 1.32, 52.80, 0.01, 0.48, 0.51, 0.12, 0.63, 0.66, 0.60, 0.39, 0.45, 0.11, 0.56, 0.56, 0.35, 6.04, -67.14, 1.00, 2.01, 0.02846, 0.65065
329686, 3, 0.50, 0.50, -0.84, -0.00, 51.63, 67.65, 1.32, 52.80, 0.01, 0.48, 0.48, 0.14, 0.63, 0.63, 0.70, 0.39, 0.41, 0.05, 0.56, 0.58, 0.16, 5.93, -67.15, 1.00, 2.02, 0.02846, 0.65416
329698, 3, 0.50, 0.50, -0.76, -0.05, 51.71, 67.66, 1.32, 52.80, 0.01, 0.48, 0.51, 0.05, 0.63, 0.63, 0.65, 0.39, 0.41, 0.11, 0.56, 0.61, 0.14, 5.78, -67.16, 1.00, 2.02, 0.02846, 0.65793
329711, 3, 0.50, 0.50, -0.79, -0.13, 51.83, 67.67, 1.32, 52.80, 0.01, 0.48, 0.48, 0.14, 0.63, 0.65, 0.65, 0.39, 0.42, 0.16, 0.56, 0.54, 0.21, 5.67, -67.17, 1.00, 2.02, 0.02847, 0.66084
329724, 3, 0.50, 0.50, -0.85, -0.19, 51.86, 67.69, 1.32, 52.80, 0.01, 0.48, 0.49, 0.16, 0.63, 0.61, 0.84, 0.39, 0.41, 0.16, 0.56, 0.56, 0.05, 5.59, -67.19, 1.00, 2.03, 0.02847, 0.66280
329738, 3, 0.50, 0.50, -0.84, -0.19, 51.89, 67.70, 1.32, 52.80, 0.01, 0.48, 0.49, 0.23, 0.63, 0.62, 0.95, 0.39, 0.39, 0.07, 0.56, 0.56, 0.14, 5.47, -67.20, 1.00, 2.03, 0.02848, 0.66463
329751, 3, 0.50, 0.50, -1.05, -0.20, 51.87, 67.71, 1.32, 52.80, 0.01, 0.48, 0.46, 0.18, 0.63, 0.63, 0.84, 0.39, 0.38, 0.07, 0.56, 0.54, 0.26, 5.43, -67.21, 1.00, 2.03, 0.02849, 0.66655
329764, 3, 0.50, 0.50, -0.76, -0.28, 51.73, 67.72, 1.32, 52.80, 0.01, 0.48, 0.48, 0.16, 0.63, 0.66, 0.63, 0.39, 0.39, 0.05, 0.56, 0.55, 0.21, 5.41, -67.22, 1.00, 2.03, 0.02849, 0.66839
329778, 3, 0.50, 0.50, -0.83, -0.20, 51.63, 67.73, 1.32, 52.80, 0.01, 0.48, 0.48, 0.21, 0.63, 0.65, 0.70, 0.39, 0.41, 0.05, 0.56, 0.59, 0.16, 5.43, -67.23, 1.00, 2.04, 0.02850, 0.67025
329791, 3, 0.50, 0.50, -0.91, -0.37, 51.43, 67.75, 1.32, 52.80, 0.01, 0.48, 0.46, 0.16, 0.63, 0.62, 0.84, 0.39, 0.38, 0.18, 0.56, 0.55, 0.23, 5.57, -67.25, 1.00, 2.04, 0.02851, 0.67160
329804, 3, 0.50, 0.50, -0.78, -0.36, 51.19, 67.76, 1.32, 52.80, 0.01, 0.48, 0.46, 0.04, 0.63, 0.62, 0.81, 0.39, 0.39, 0.14, 0.56, 0.54, 0.16, 5.66, -67.26, 1.00, 2.04, 0.02852, 0.67201
329818, 3, 0.50, 0.50, -0.86, -0.33, 50.96, 67.77, 1.32, 52.80, 0.01, 0.48, 0.45, 0.11, 0.63, 0.62, 0.89, 0.39, 0.41, 0.09, 0.56, 0.51, 0.32, 5.86, -67.27, 1.00, 2.04, 0.02854, 0.67146
329831, 3, 0.50, 0.50, -0.81, -0.32, 50.77, 67.78, 1.32, 52.80, 0.01, 0.48, 0.46, 0.14, 0.63, 0.62, 0.84, 0.39, 0.38, 0.25, 0.56, 0.55, 0.26, 6.11, -67.28, 1.00, 2.04, 0.02855, 0.67001
329844, 3, 0.50, 0.50, -0.89, -0.17, 50.65, 67.79, 1.32, 52.80, 0.01, 0.48, 0.48, 0.16, 0.63, 0.63, 0.88, 0.39, 0.38, 0.28, 0.56, 0.51, 0.35, 6.34, -67.29, 1.00, 2.04, 0.02856, 0.66737
329858, 3, 0.50, 0.50, -0.84, -0.04, 50.57, 67.80, 1.32, 52.80, 0.01, 0.48, 0.45, 0.14, 0.63, 0.63, 0.77, 0.39, 0.41, 0.25, 0.56, 0.52, 0.63, 6.53, -67.30, 1.00, 2.04, 0.02857, 0.66342
329871, 3, 0.50, 0.50, -0.97, 0.06, 50.50, 67.82, 1.32, 52.80, 0.01, 0.48, 0.49, 0.19, 0.63, 0.59, 0.89, 0.39, 0.37, 0.40, 0.56, 0.52, 0.67, 6.65, -67.32, 1.00, 2.04, 0.02858, 0.65882
329884, 3, 0.50, 0.50, -0.96, 0.06, 50.43, 67.83, 1.32, 52.80, 0.01, 0.48, 0.49, 0.14, 0.63, 0.63, 0.98, 0.39, 0.41, 0.28, 0.56, 0.54, 0.72, 6.72, -67.33, 1.00, 2.04, 0.02859, 0.65499
329898, 3, 0.50, 0.50, -0.84, 0.16, 50.64, 67.84, 1.32, 52.80, 0.01, 0.48, 0.48, 0.26, 0.63, 0.63, 0.84, 0.39, 0.46, 0.12, 0.56, 0.56, 0.63, 6.79, -67.34, 1.00, 2.03, 0.02860, 0.65297
329911, 3, 0.50, 0.50, -0.99, 0.25, 50.95, 67.85, 1.32, 52.80, 0.01, 0.48, 0.48, 0.23, 0.63, 0.65, 0.82, 0.39, 0.44, 0.09, 0.56, 0.56, 0.63, 6.87, -67.35, 1.00, 2.03, 0.02861, 0.65128
329924, 3, 0.50, 0.50, -1.10, 0.24, 51.14, 67.87, 1.32, 52.80, 0.01, 0.48, 0.49, 0.12, 0.63, 0.66, 0.70, 0.39, 0.41, 0.12, 0.56, 0.58, 0.56, 6.66, -67.37, 1.00, 2.03, 0.02861, 0.64876
329952, 3, 0.50, 0.50, -1.07, 0.27, 51.58, 67.88, 1.32, 52.80, 0.01, 0.48, 0.51, 0.05, 0.63, 0.66, 0.63, 0.39, 0.41, 0.05, 0.56, 0.58, 0.53, 6.35, -67.38, 1.00, 2.03, 0.02861, 0.64690
329964, 3, 0.50, 0.50, -1.13, 0.15, 51.98, 67.89, 1.32, 52.80, 0.01, 0.48, 0.49, 0.12, 0.63, 0.66, 0.60, 0.39, 0.44, 0.16, 0.56, 0.56, 0.46, 6.15, -67.39, 1.00, 2.03, 0.02861, 0.64742
329978, 3, 0.50, 0.50, -1.09, 0.14, 52.20, 67.91, 1.32, 52.80, 0.01, 0.48, 0.48, 0.14, 0.63, 0.69, 0.51, 0.39, 0.42, 0.28, 0.56, 0.58, 0.35, 5.72, -67.41, 1.00, 2.03, 0.02860, 0.65086
329992, 3, 0.50, 0.50, -0.99, 0.04, 52.53, 67.92, 1.32, 52.80, 0.01, 0.48, 0.54, 0.09, 0.63, 0.63, 0.63, 0.39, 0.39, 0.23, 0.56, 0.61, 0.26, 5.31, -67.42, 1.00, 2.04, 0.02861, 0.65661
330004, 3, 0.50, 0.50, -0.87, -0.10, 52.85, 67.93, 1.32, 52.80, 0.01, 0.48, 0.51, 0.26, 0.63, 0.69, 0.25, 0.39, 0.39, 0.18, 0.56, 0.63, 0.14, 5.10, -67.43, 1.00, 2.05, 0.02861, 0.66316
330018, 3, 0.50, 0.50, -1.07, -0.38, 52.95, 67.95, 1.32, 52.80, 0.01, 0.48, 0.49, 0.18, 0.63, 0.62, 0.53, 0.39, 0.39, 0.07, 0.56, 0.56, 0.33, 4.76, -67.45, 1.00, 2.05, 0.02860, 0.66939
330031, 3, 0.50, 0.50, -1.26, -0.37, 52.71, 67.97, 1.32, 52.80, 0.01, 0.48, 0.48, 0.14, 0.63, 0.61, 0.67, 0.39, 0.39, 0.09, 0.56, 0.58, 0.14, 4.45, -67.47, 1.00, 2.06, 0.02861, 0.67537
330044, 3, 0.50, 0.50, -1.01, -0.56, 52.29, 67.98, 1.32, 52.80, 0.01, 0.48, 0.49, 0.11, 0.63, 0.66, 0.60, 0.39, 0.38, 0.05, 0.56, 0.56, 0.19, 4.35, -67.48, 1.00, 2.07, 0.02862, 0.68220
330058, 3, 0.50, 0.50, -0.81, -0.80, 51.86, 67.99, 1.32, 52.80, 0.01, 0.48, 0.49, 0.11, 0.63, 0.62, 0.58, 0.39, 0.39, 0.02, 0.56, 0.56, 0.16, 4.59, -67.49, 1.00, 2.08, 0.02863, 0.69013
330071, 3, 0.50, 0.50, -0.51, -0.59, 51.46, 68.00, 1.32, 52.80, 0.01, 0.48, 0.45, 0.05, 0.63, 0.61, 0.72, 0.39, 0.38, 0.02, 0.56, 0.55, 0.18, 5.01, -67.50, 1.00, 2.08, 0.02865, 0.69620
330084, 3, 0.50, 0.50, -1.26, -0.45, 51.06, 68.02, 1.32, 52.80, 0.01, 0.48, 0.46, 0.07, 0.63, 0.61, 0.89, 0.39, 0.38, 0.09, 0.56, 0.54, 0.23, 5.43, -67.52, 1.00, 2.09, 0.02867, 0.69577
330098, 3, 0.50, 0.50, -0.78, -0.18, 50.47, 68.03, 1.32, 52.80, 0.01, 0.48, 0.44, 0.05, 0.63, 0.62, 0.81, 0.39, 0.39, 0.12, 0.56, 0.55, 0.14, 5.84, -67.53, 1.00, 2.08, 0.02868, 0.68864
330111, 3, 0.50, 0.50, -1.18, -0.20, 49.98, 68.04, 1.32, 52.80, 0.01, 0.48, 0.45, 0.30, 0.63, 0.61, 0.86, 0.39, 0.39, 0.07, 0.56, 0.51, 0.25, 6.24, -67.54, 1.00, 2.08, 0.02871, 0.67998
330124, 3, 0.50, 0.50, -0.89, -0.18, 49.30, 68.06, 1.32, 52.80, 0.01, 0.48, 0.48, 0.14, 0.63, 0.65, 0.65, 0.39, 0.41, 0.11, 0.56, 0.56, 0.14, 6.83, -67.56, 1.00, 2.07, 0.02872, 0.67328
330138, 3, 0.50, 0.50, -0.89, -0.21, 48.78, 68.07, 1.32, 52.80, 0.01, 0.48, 0.46, 0.28, 0.63, 0.58, 1.02, 0.39, 0.42, 0.07, 0.56, 0.52, 0.33, 7.32, -67.57, 1.00, 2.07, 0.02875, 0.66859
330151, 3, 0.50, 0.50, -0.76, -0.09, 48.42, 68.08, 1.32, 52.80, 0.01, 0.48, 0.48, 0.26, 0.63, 0.61, 1.23, 0.39, 0.37, 0.33, 0.56, 0.51, 0.53, 8.00, -67.58, 1.00, 2.07, 0.02877, 0.66301
330164, 3, 0.50, 0.50, -1.02, 0.00, 48.43, 68.09, 1.32, 52.80, 0.01, 0.48, 0.46, 0.26, 0.63, 0.62, 1.04, 0.39, 0.41, 0.21, 0.56, 0.55, 0.53, 8.51, -67.59, 1.00, 2.06, 0.02879, 0.65450
330178, 3, 0.50, 0.50, -0.89, 0.21, 48.67, 68.10, 1.32, 52.80, 0.01, 0.48, 0.48, 0.35, 0.63, 0.63, 0.96, 0.39, 0.46, 0.11, 0.56, 0.54, 0.51, 8.88, -67.60, 1.00, 2.05, 0.02880, 0.64260
330191, 3, 0.50, 0.50, -1.08, 0.13, 49.09, 68.12, 1.32, 52.80, 0.01, 0.48, 0.49, 0.30, 0.63, 0.66, 0.95, 0.39, 0.42, 0.16, 0.56, 0.56, 0.58, 8.86, -67.62, 1.00, 2.04, 0.02880, 0.62951
330204, 3, 0.50, 0.50, -0.71, 0.16, 49.53, 68.13, 1.32, 52.80, 0.01, 0.48, 0.49, 0.19, 0.63, 0.68, 0.70, 0.39, 0.38, 0.14, 0.56, 0.56, 0.54, 8.63, -67.63, 1.00, 2.03, 0.02881, 0.61923
330218, 3, 0.50, 0.50, -1.02, 0.12, 50.31, 68.14, 1.32, 52.80, 0.01, 0.48, 0.49, 0.19, 0.63, 0.65, 0.86, 0.39, 0.39, 0.09, 0.56, 0.58, 0.53, 8.21, -67.64, 1.00, 2.03, 0.02881, 0.61551
330231, 3, 0.50, 0.50, -1.30, 0.20, 50.91, 68.16, 1.32, 52.80, 0.01, 0.48, 0.49, 0.16, 0.63, 0.68, 0.68, 0.39, 0.44, 0.19, 0.56, 0.56, 0.53, 7.77, -67.66, 1.00, 2.03, 0.02880, 0.61810
330258, 3, 0.50, 0.50, -1.41, 0.16, 51.59, 68.17, 1.32, 52.80, 0.01, 0.48, 0.51, 0.07, 0.63, 0.68, 0.58, 0.39, 0.41, 0.23, 0.56, 0.56, 0.58, 6.99, -67.67, 1.00, 2.03, 0.02879, 0.62481
330271, 3, 0.50, 0.50, -1.16, 0.12, 52.23, 68.19, 1.32, 52.80, 0.01, 0.48, 0.52, 0.04, 0.63, 0.65, 0.67, 0.39, 0.38, 0.14, 0.56, 0.62, 0.16, 6.39, -67.69, 1.00, 2.04, 0.02879, 0.63395
330284, 3, 0.50, 0.50, -1.12, 0.14, 52.76, 68.20, 1.32, 52.80, 0.01, 0.48, 0.49, 0.19, 0.63, 0.73, 0.21, 0.39, 0.39, 0.14, 0.56, 0.56, 0.47, 5.70, -67.70, 1.00, 2.05, 0.02878, 0.64475
330300, 3, 0.50, 0.50, -1.05, 0.06, 52.84, 68.22, 1.32, 52.80, 0.01, 0.48, 0.52, 0.16, 0.63, 0.61, 0.63, 0.39, 0.39, 0.12, 0.56, 0.63, 0.09, 5.07, -67.72, 1.00, 2.06, 0.02877, 0.65675
330311, 3, 0.50, 0.50, -0.96, -0.11, 52.86, 68.23, 1.32, 52.80, 0.01, 0.48, 0.52, 0.21, 0.63, 0.69, 0.19, 0.39, 0.39, 0.12, 0.56, 0.54, 0.35, 4.53, -67.73, 1.00, 2.08, 0.02878, 0.67000
330324, 3, 0.50, 0.50, -0.91, -0.33, 52.92, 68.24, 1.32, 52.80, 0.01, 0.48, 0.54, 0.30, 0.63, 0.61, 0.58, 0.39, 0.38, 0.04, 0.56, 0.56, 0.12, 4.46, -67.74, 1.00, 2.09, 0.02878, 0.68325
330338, 3, 0.50, 0.50, -0.93, -0.32, 52.79, 68.26, 1.32, 52.80, 0.01, 0.48, 0.49, 0.23, 0.63, 0.66, 0.14, 0.39, 0.38, 0.04, 0.56, 0.59, 0.12, 4.44, -67.76, 1.00, 2.10, 0.02879, 0.69322
330351, 3, 0.50, 0.50, -1.09, -0.37, 52.55, 68.27, 1.32, 52.80, 0.01, 0.48, 0.51, 0.25, 0.63, 0.61, 0.53, 0.39, 0.38, 0.09, 0.56, 0.56, 0.21, 4.38, -67.77, 1.00, 2.11, 0.02879, 0.69760
330364, 3, 0.50, 0.50, -0.96, -0.53, 52.02, 68.28, 1.32, 52.80, 0.01, 0.48, 0.49, 0.23, 0.63, 0.65, 0.30, 0.39, 0.39, 0.14, 0.56, 0.54, 0.19, 4.50, -67.78, 1.00, 2.11, 0.02881, 0.69732
330378, 3, 0.50, 0.50, -1.06, -0.56, 51.61, 68.30, 1.32, 52.80, 0.01, 0.48, 0.44, 0.04, 0.63, 0.59, 0.58, 0.39, 0.38, 0.21, 0.56, 0.52, 0.26, 4.75, -67.80, 1.00, 2.11, 0.02882, 0.69690
330391, 3, 0.50, 0.50, -0.93, -0.47, 51.07, 68.31, 1.32, 52.80, 0.01, 0.48, 0.42, 0.12, 0.63, 0.62, 0.47, 0.39, 0.39, 0.18, 0.56, 0.49, 0.30, 5.28, -67.81, 1.00, 2.11, 0.02884, 0.69703
330404, 3, 0.50, 0.50, -0.88, -0.16, 50.69, 68.33, 1.32, 52.80, 0.01, 0.48, 0.46, 0.14, 0.63, 0.58, 0.82, 0.39, 0.38, 0.33, 0.56, 0.52, 0.46, 5.69, -67.83, 1.00, 2.11, 0.02886, 0.69503
330418, 3, 0.50, 0.50, -1.03, -0.02, 50.37, 68.34, 1.32, 52.80, 0.01, 0.48, 0.46, 0.19, 0.63, 0.58, 0.91, 0.39, 0.37, 0.42, 0.56, 0.52, 0.58, 6.23, -67.84, 1.00, 2.11, 0.02888, 0.68837
330431, 3, 0.50, 0.50, -0.90, 0.26, 50.17, 68.35, 1.32, 52.80, 0.01, 0.48, 0.45, 0.37, 0.63, 0.61, 1.02, 0.39, 0.39, 0.39, 0.56, 0.52, 0.68, 6.61, -67.85, 1.00, 2.10, 0.02889, 0.67869
330444, 3, 0.50, 0.50, -0.79, 0.61, 50.22, 68.36, 1.32, 52.80, 0.01, 0.48, 0.49, 0.18, 0.63, 0.62, 0.86, 0.39, 0.39, 0.40, 0.56, 0.55, 0.67, 6.92, -67.86, 1.00, 2.09, 0.02891, 0.66875
330458, 3, 0.50, 0.50, -0.97, 0.80, 50.42, 68.37, 1.32, 52.80, 0.01, 0.48, 0.48, 0.26, 0.63, 0.63, 0.82, 0.39, 0.41, 0.30, 0.56, 0.55, 0.67, 7.13, -67.87, 1.00, 2.09, 0.02891, 0.65975
330471, 3, 0.50, 0.50, -0.89, 0.65, 50.61, 68.38, 1.32, 52.80, 0.01, 0.48, 0.49, 0.28, 0.63, 0.65, 0.77, 0.39, 0.44, 0.11, 0.56, 0.58, 0.65, 7.07, -67.88, 1.00, 2.08, 0.02892, 0.65230
330484, 3, 0.50, 0.50, -0.86, 0.61, 50.84, 68.39, 1.32, 52.80, 0.01, 0.48, 0.48, 0.16, 0.63, 0.68, 0.54, 0.39, 0.44, 0.07, 0.56, 0.58, 0.53, 6.88, -67.89, 1.00, 2.07, 0.02892, 0.64776
330498, 3, 0.50, 0.50, -1.03, 0.31, 51.31, 68.40, 1.32, 52.80, 0.01, 0.48, 0.49, 0.19, 0.63, 0.65, 0.74, 0.39, 0.44, 0.02, 0.56, 0.58, 0.47, 6.68, -67.90, 1.00, 2.07, 0.02892, 0.64760
330511, 3, 0.50, 0.50, -0.93, 0.25, 51.69, 68.42, 1.32, 52.80, 0.01, 0.48, 0.51, 0.07, 0.63, 0.69, 0.51, 0.39, 0.41, 0.07, 0.56, 0.58, 0.35, 6.46, -67.92, 1.00, 2.08, 0.02892, 0.65033
330524, 3, 0.50, 0.50, -0.98, 0.18, 52.14, 68.43, 1.32, 52.80, 0.01, 0.48, 0.49, 0.07, 0.63, 0.65, 0.67, 0.39, 0.42, 0.14, 0.56, 0.56, 0.35, 5.99, -67.93, 1.00, 2.08, 0.02892, 0.65426
330538, 3, 0.50, 0.50, -0.87, 0.06, 52.44, 68.44, 1.32, 52.80, 0.01, 0.48, 0.49, 0.07, 0.63, 0.69, 0.32, 0.39, 0.44, 0.21, 0.56, 0.58, 0.21, 5.60, -67.94, 1.00, 2.08, 0.02892, 0.65849
330551, 3, 0.50, 0.50, -0.86, -0.16, 52.82, 68.45, 1.32, 52.80, 0.01, 0.48, 0.48, 0.14, 0.63, 0.62, 0.63, 0.39, 0.41, 0.16, 0.56, 0.56, 0.25, 5.16, -67.95, 1.00, 2.09, 0.02892, 0.66430
330579, 3, 0.50, 0.50, -0.84, -0.28, 52.95, 68.46, 1.32, 52.80, 0.01, 0.48, 0.45, 0.23, 0.63, 0.61, 0.65, 0.39, 0.38, 0.02, 0.56, 0.55, 0.26, 4.85, -67.96, 1.00, 2.10, 0.02891, 0.67182
330591, 3, 0.50, 0.50, -0.87, -0.37, 52.85, 68.48, 1.32, 52.80, 0.01, 0.48, 0.49, 0.05, 0.63, 0.65, 0.33, 0.39, 0.39, 0.02, 0.56, 0.59, 0.09, 4.47, -67.98, 1.00, 2.11, 0.02892, 0.68011
330605, 3, 0.50, 0.50, -0.91, -0.32, 52.71, 68.49, 1.32, 52.80, 0.01, 0.48, 0.49, 0.23, 0.63, 0.65, 0.35, 0.39, 0.38, 0.05, 0.56, 0.55, 0.30, 4.35, -67.99, 1.00, 2.12, 0.02892, 0.68837
330618, 3, 0.50, 0.50, -0.99, -0.41, 52.51, 68.50, 1.32, 52.80, 0.01, 0.48, 0.45, 0.11, 0.63, 0.63, 0.40, 0.39, 0.38, 0.05, 0.56, 0.52, 0.26, 4.45, -68.00, 1.00, 2.12, 0.02893, 0.69576
330631, 3, 0.50, 0.50, -1.11, -0.37, 52.16, 68.52, 1.32, 52.80, 0.01, 0.48, 0.48, 0.05, 0.63, 0.61, 0.46, 0.39, 0.38, 0.12, 0.56, 0.58, 0.14, 4.59, -68.02, 1.00, 2.13, 0.02894, 0.70045
330644, 3, 0.50, 0.50, -1.01, -0.58, 51.76, 68.53, 1.32, 52.80, 0.01, 0.48, 0.48, 0.18, 0.63, 0.65, 0.28, 0.39, 0.38, 0.19, 0.56, 0.58, 0.28, 4.79, -68.03, 1.00, 2.13, 0.02896, 0.70110
330658, 3, 0.50, 0.50, -1.02, -0.51, 51.42, 68.55, 1.32, 52.80, 0.01, 0.48, 0.45, 0.11, 0.63, 0.59, 0.54, 0.39, 0.39, 0.16, 0.56, 0.54, 0.21, 5.13, -68.05, 1.00, 2.13, 0.02897, 0.69877
330671, 3, 0.50, 0.50, -0.90, -0.37, 50.97, 68.56, 1.32, 52.80, 0.01, 0.48, 0.45, 0.12, 0.63, 0.63, 0.60, 0.39, 0.41, 0.23, 0.56, 0.49, 0.33, 5.54, -68.06, 1.00, 2.13, 0.02899, 0.69485
330684, 3, 0.50, 0.50, -0.89, -0.39, 50.69, 68.57, 1.32, 52.80, 0.01, 0.48, 0.46, 0.14, 0.63, 0.62, 0.61, 0.39, 0.37, 0.40, 0.56, 0.51, 0.56, 5.87, -68.07, 1.00, 2.13, 0.02901, 0.69026
330698, 3, 0.50, 0.50, -0.89, -0.24, 50.60, 68.58, 1.32, 52.80, 0.01, 0.48, 0.45, 0.14, 0.63, 0.62, 0.65, 0.39, 0.39, 0.32, 0.56, 0.49, 0.60, 6.33, -68.08, 1.00, 2.12, 0.02902, 0.68411
330711, 3, 0.50, 0.50, -0.96, -0.07, 50.52, 68.60, 1.32, 52.80, 0.01, 0.48, 0.46, 0.32, 0.63, 0.62, 0.61, 0.39, 0.41, 0.26, 0.56, 0.55, 0.56, 6.61, -68.10, 1.00, 2.12, 0.02903, 0.67623
330724, 3, 0.50, 0.50, -0.77, 0.14, 50.55, 68.61, 1.32, 52.80, 0.01, 0.48, 0.46, 0.26, 0.63, 0.62, 0.54, 0.39, 0.39, 0.40, 0.56, 0.54, 0.61, 6.70, -68.11, 1.00, 2.11, 0.02904, 0.66814
330738, 3, 0.50, 0.50, -0.93, 0.41, 50.84, 68.62, 1.32, 52.80, 0.01, 0.48, 0.48, 0.30, 0.63, 0.66, 0.49, 0.39, 0.41, 0.28, 0.56, 0.55, 0.68, 6.78, -68.12, 1.00, 2.11, 0.02905, 0.66167
330751, 3, 0.50, 0.50, -0.86, 0.57, 51.02, 68.63, 1.32, 52.80, 0.01, 0.48, 0.49, 0.21, 0.63, 0.65, 0.32, 0.39, 0.44, 0.12, 0.56, 0.55, 0.81, 6.74, -68.13, 1.00, 2.10, 0.02905, 0.65747
330764, 3, 0.50, 0.50, -0.74, 0.51, 51.33, 68.64, 1.32, 52.80, 0.01, 0.48, 0.51, 0.09, 0.63, 0.63, 0.56, 0.39, 0.44, 0.02, 0.56, 0.56, 0.72, 6.46, -68.14, 1.00, 2.10, 0.02905, 0.65609
330778, 3, 0.50, 0.50, -0.81, 0.46, 51.61, 68.65, 1.32, 52.80, 0.01, 0.48, 0.49, 0.18, 0.63, 0.66, 0.28, 0.39, 0.41, 0.07, 0.56, 0.58, 0.60, 6.28, -68.15, 1.00, 2.10, 0.02905, 0.65716
330791, 3, 0.50, 0.50, -0.82, 0.28, 51.96, 68.66, 1.32, 52.80, 0.01, 0.48, 0.49, 0.16, 0.63, 0.65, 0.39, 0.39, 0.41, 0.00, 0.56, 0.58, 0.61, 5.97, -68.16, 1.00, 2.11, 0.02906, 0.66033
330804, 3, 0.50, 0.50, -0.88, 0.10, 52.34, 68.67, 1.32, 52.80, 0.01, 0.48, 0.54, 0.12, 0.63, 0.66, 0.21, 0.39, 0.42, 0.07, 0.56, 0.58, 0.54, 5.69, -68.17, 1.00, 2.11, 0.02905, 0.66486
330818, 3, 0.50, 0.50, -0.86, 0.05, 52.61, 68.68, 1.32, 52.80, 0.01, 0.48, 0.48, 0.25, 0.63, 0.66, 0.21, 0.39, 0.39, 0.12, 0.56, 0.58, 0.56, 5.34, -68.18, 1.00, 2.11, 0.02905, 0.66942
330831, 3, 0.50, 0.50, -0.84, -0.14, 52.79, 68.69, 1.32, 52.80, 0.01, 0.48, 0.48, 0.12, 0.63, 0.63, 0.30, 0.39, 0.39, 0.04, 0.56, 0.58, 0.56, 4.95, -68.19, 1.00, 2.12, 0.02905, 0.67403
330844, 3, 0.50, 0.50, -0.85, -0.15, 53.05, 68.70, 1.32, 52.80, 0.01, 0.48, 0.51, 0.05, 0.63, 0.65, 0.26, 0.39, 0.41, 0.02, 0.56, 0.58, 0.53, 4.69, -68.20, 1.00, 2.13, 0.02905, 0.67983
330858, 3, 0.50, 0.50, -0.83, -0.33, 53.26, 68.71, 1.32, 52.80, 0.01, 0.48, 0.52, 0.14, 0.63, 0.63, 0.37, 0.39, 0.39, 0.21, 0.56, 0.62, 0.18, 4.50, -68.21, 1.00, 2.13, 0.02905, 0.68616
330884, 3, 0.50, 0.50, -0.89, -0.51, 53.36, 68.73, 1.32, 52.80, 0.01, 0.48, 0.48, 0.25, 0.63, 0.62, 0.37, 0.39, 0.39, 0.07, 0.56, 0.56, 0.25, 4.24, -68.23, 1.00, 2.14, 0.02905, 0.69117
330893, 3, 0.50, 0.50, -0.95, -0.65, 53.48, 68.74, 1.32, 52.80, 0.01, 0.48, 0.52, 0.19, 0.63, 0.68, 0.25, 0.39, 0.41, 0.07, 0.56, 0.61, 0.11, 4.04, -68.24, 1.00, 2.14, 0.02906, 0.69468
330908, 3, 0.50, 0.50, -0.91, -0.81, 53.46, 68.75, 1.32, 52.80, 0.01, 0.48, 0.46, 0.28, 0.63, 0.62, 0.28, 0.39, 0.41, 0.12, 0.56, 0.52, 0.28, 3.93, -68.25, 1.00, 2.14, 0.02906, 0.69755
330917, 3, 0.50, 0.50, -0.89, -0.82, 53.25, 68.77, 1.32, 52.80, 0.01, 0.48, 0.48, 0.26, 0.63, 0.61, 0.53, 0.39, 0.41, 0.07, 0.56, 0.55, 0.46, 3.81, -68.27, 1.00, 2.15, 0.02906, 0.70096
330925, 3, 0.50, 0.50, -0.88, -0.82, 53.05, 68.78, 1.32, 52.80, 0.01, 0.48, 0.51, 0.25, 0.63, 0.61, 0.63, 0.39, 0.41, 0.07, 0.56, 0.59, 0.21, 3.83, -68.28, 1.00, 2.15, 0.02907, 0.70499
330938, 3, 0.50, 0.50, -0.89, -0.78, 52.95, 68.79, 1.32, 52.80, 0.01, 0.48, 0.48, 0.14, 0.63, 0.66, 0.26, 0.39, 0.39, 0.14, 0.56, 0.49, 0.25, 4.05, -68.29, 1.00, 2.16, 0.02908, 0.70813
330951, 3, 0.50, 0.50, -0.82, -0.81, 52.77, 68.81, 1.32, 52.80, 0.01, 0.48, 0.44, 0.12, 0.63, 0.61, 0.44, 0.39, 0.38, 0.21, 0.56, 0.55, 0.44, 4.25, -68.31, 1.00, 2.16, 0.02909, 0.70841
330964, 3, 0.50, 0.50, -0.88, -0.81, 52.50, 68.82, 1.32, 52.80, 0.01, 0.48, 0.45, 0.05, 0.63, 0.63, 0.37, 0.39, 0.39, 0.14, 0.56, 0.54, 0.51, 4.34, -68.32, 1.00, 2.16, 0.02910, 0.70563
330978, 3, 0.50, 0.50, -0.96, -0.63, 52.39, 68.83, 1.32, 52.80, 0.01, 0.48, 0.45, 0.14, 0.63, 0.63, 0.33, 0.39, 0.39, 0.19, 0.56, 0.51, 0.77, 4.52, -68.33, 1.00, 2.16, 0.02911, 0.70175
330991, 3, 0.50, 0.50, -0.95, -0.57, 52.22, 68.85, 1.32, 52.80, 0.01, 0.48, 0.48, 0.09, 0.63, 0.62, 0.47, 0.39, 0.39, 0.21, 0.56, 0.55, 0.67, 4.79, -68.35, 1.00, 2.15, 0.02912, 0.69851
331004, 3, 0.50, 0.50, -1.02, -0.40, 52.05, 68.86, 1.32, 52.80, 0.01, 0.48, 0.46, 0.07, 0.63, 0.59, 0.61, 0.39, 0.42, 0.14, 0.56, 0.52, 0.75, 4.91, -68.36, 1.00, 2.15, 0.02913, 0.69613
331018, 3, 0.50, 0.50, -0.98, -0.18, 52.01, 68.87, 1.32, 52.80, 0.01, 0.48, 0.48, 0.28, 0.63, 0.63, 0.58, 0.39, 0.39, 0.30, 0.56, 0.55, 0.88, 5.08, -68.37, 1.00, 2.15, 0.02914, 0.69347
331031, 3, 0.50, 0.50, -1.07, 0.01, 52.17, 68.89, 1.32, 52.80, 0.01, 0.48, 0.52, 0.11, 0.63, 0.61, 0.70, 0.39, 0.42, 0.09, 0.56, 0.55, 0.89, 5.25, -68.39, 1.00, 2.15, 0.02915, 0.69009
331044, 3, 0.50, 0.50, -1.00, 0.18, 52.18, 68.90, 1.32, 52.80, 0.01, 0.48, 0.49, 0.09, 0.63, 0.65, 0.56, 0.39, 0.44, 0.05, 0.56, 0.56, 0.84, 5.29, -68.40, 1.00, 2.15, 0.02915, 0.68621
331058, 3, 0.50, 0.50, -0.96, -0.03, 52.38, 68.91, 1.32, 52.80, 0.01, 0.48, 0.46, 0.25, 0.63, 0.63, 0.54, 0.39, 0.41, 0.05, 0.56, 0.62, 0.67, 5.13, -68.41, 1.00, 2.14, 0.02916, 0.68308
331071, 3, 0.50, 0.50, -1.17, -0.08, 52.58, 68.93, 1.32, 52.80, 0.01, 0.48, 0.51, 0.07, 0.63, 0.65, 0.63, 0.39, 0.39, 0.02, 0.56, 0.59, 0.63, 5.12, -68.43, 1.00, 2.14, 0.02916, 0.68138
331084, 3, 0.50, 0.50, -0.97, -0.29, 52.69, 68.94, 1.32, 52.80, 0.01, 0.48, 0.49, 0.04, 0.63, 0.65, 0.60, 0.39, 0.44, 0.14, 0.56, 0.65, 0.23, 4.92, -68.44, 1.00, 2.14, 0.02916, 0.68185
331098, 3, 0.50, 0.50, -1.15, -0.21, 53.06, 68.96, 1.32, 52.80, 0.01, 0.48, 0.48, 0.12, 0.63, 0.63, 0.63, 0.39, 0.44, 0.21, 0.56, 0.52, 0.46, 4.72, -68.46, 1.00, 2.15, 0.02917, 0.68434
331111, 3, 0.50, 0.50, -1.20, -0.55, 53.23, 68.98, 1.32, 52.80, 0.01, 0.48, 0.54, 0.11, 0.63, 0.66, 0.58, 0.39, 0.39, 0.14, 0.56, 0.58, 0.25, 4.60, -68.48, 1.00, 2.15, 0.02916, 0.68682
331124, 3, 0.50, 0.50, -1.14, -0.34, 53.35, 68.99, 1.32, 52.80, 0.01, 0.48, 0.46, 0.14, 0.63, 0.61, 0.67, 0.39, 0.42, 0.19, 0.56, 0.56, 0.28, 4.24, -68.49, 1.00, 2.15, 0.02916, 0.68933
331138, 3, 0.50, 0.50, -1.09, -0.14, 53.26, 69.01, 1.32, 52.80, 0.01, 0.48, 0.52, 0.18, 0.63, 0.63, 0.70, 0.39, 0.41, 0.19, 0.56, 0.61, 0.35, 4.07, -68.51, 1.00, 2.15, 0.02917, 0.69305
331151, 3, 0.50, 0.50, -1.00, -0.33, 53.30, 69.02, 1.32, 52.80, 0.01, 0.48, 0.49, 0.23, 0.63, 0.66, 0.53, 0.39, 0.38, 0.05, 0.56, 0.59, 0.12, 3.95, -68.52, 1.00, 2.16, 0.02917, 0.69875
331179, 3, 0.50, 0.50, -0.95, -0.38, 52.99, 69.03, 1.32, 52.80, 0.01, 0.48, 0.45, 0.16, 0.63, 0.62, 0.91, 0.39, 0.38, 0.02, 0.56, 0.55, 0.33, 4.03, -68.53, 1.00, 2.17, 0.02918, 0.70442
331191, 3, 0.50, 0.50, -1.03, -0.26, 52.76, 69.05, 1.32, 52.80, 0.01, 0.48, 0.49, 0.12, 0.63, 0.66, 0.67, 0.39, 0.38, 0.11, 0.56, 0.63, 0.09, 4.00, -68.55, 1.00, 2.17, 0.02919, 0.70875
331205, 3, 0.50, 0.50, -0.97, -0.29, 52.53, 69.06, 1.32, 52.80, 0.01, 0.48, 0.48, 0.21, 0.63, 0.61, 0.61, 0.39, 0.41, 0.05, 0.56, 0.52, 0.37, 4.31, -68.56, 1.00, 2.18, 0.02920, 0.71033
331218, 3, 0.50, 0.50, -0.87, -0.30, 52.08, 69.07, 1.32, 52.80, 0.01, 0.48, 0.48, 0.19, 0.63, 0.68, 0.60, 0.39, 0.39, 0.11, 0.56, 0.55, 0.12, 4.54, -68.57, 1.00, 2.18, 0.02921, 0.70930
331231, 3, 0.50, 0.50, -0.90, -0.44, 51.72, 69.09, 1.32, 52.80, 0.01, 0.48, 0.49, 0.14, 0.63, 0.61, 0.49, 0.39, 0.38, 0.19, 0.56, 0.55, 0.23, 4.77, -68.59, 1.00, 2.18, 0.02923, 0.70704
331244, 3, 0.50, 0.50, -0.97, -0.53, 51.37, 69.10, 1.32, 52.80, 0.01, 0.48, 0.46, 0.04, 0.63, 0.63, 0.77, 0.39, 0.41, 0.12, 0.56, 0.51, 0.37, 5.21, -68.60, 1.00, 2.18, 0.02924, 0.70364
331258, 3, 0.50, 0.50, -0.91, -0.33, 51.19, 69.11, 1.32, 52.80, 0.01, 0.48, 0.48, 0.09, 0.63, 0.65, 0.56, 0.39, 0.41, 0.09, 0.56, 0.51, 0.61, 5.57, -68.61, 1.00, 2.17, 0.02926, 0.69923
331271, 3, 0.50, 0.50, -1.07, -0.26, 51.05, 69.13, 1.32, 52.80, 0.01, 0.48, 0.48, 0.07, 0.63, 0.59, 0.81, 0.39, 0.38, 0.23, 0.56, 0.54, 0.63, 5.93, -68.63, 1.00, 2.17, 0.02927, 0.69310
331284, 3, 0.50, 0.50, -1.03, -0.07, 50.76, 69.14, 1.32, 52.80, 0.01, 0.48, 0.42, 0.37, 0.63, 0.63, 0.74, 0.39, 0.41, 0.25, 0.56, 0.49, 0.74, 6.11, -68.64, 1.00, 2.16, 0.02928, 0.68573
331298, 3, 0.50, 0.50, -1.07, -0.08, 50.80, 69.15, 1.32, 52.80, 0.01, 0.48, 0.48, 0.18, 0.63, 0.62, 0.67, 0.39, 0.39, 0.28, 0.56, 0.56, 0.61, 6.25, -68.65, 1.00, 2.16, 0.02930, 0.67946
331311, 3, 0.50, 0.50, -0.99, 0.14, 50.89, 69.17, 1.32, 52.80, 0.01, 0.48, 0.49, 0.12, 0.63, 0.65, 0.68, 0.39, 0.39, 0.19, 0.56, 0.55, 0.72, 6.54, -68.67, 1.00, 2.16, 0.02930, 0.67551
331324, 3, 0.50, 0.50, -1.03, 0.21, 51.01, 69.18, 1.32, 52.80, 0.01, 0.48, 0.49, 0.25, 0.63, 0.66, 0.63, 0.39, 0.42, 0.11, 0.56, 0.55, 0.72, 6.49, -68.68, 1.00, 2.15, 0.02931, 0.67253
331338, 3, 0.50, 0.50, -1.03, 0.22, 51.36, 69.19, 1.32, 52.80, 0.01, 0.48, 0.48, 0.18, 0.63, 0.65, 0.58, 0.39, 0.44, 0.02, 0.56, 0.56, 0.75, 6.41, -68.69, 1.00, 2.15, 0.02931, 0.66932
331351, 3, 0.50, 0.50, -0.99, 0.29, 51.71, 69.21, 1.32, 52.80, 0.01, 0.48, 0.51, 0.07, 0.63, 0.65, 0.54, 0.39, 0.39, 0.05, 0.56, 0.58, 0.72, 6.29, -68.71, 1.00, 2.15, 0.02931, 0.66662
331364, 3, 0.50, 0.50, -0.92, 0.19, 52.09, 69.22, 1.32, 52.80, 0.01, 0.48, 0.49, 0.05, 0.63, 0.65, 0.51, 0.39, 0.44, 0.11, 0.56, 0.58, 0.68, 5.94, -68.72, 1.00, 2.15, 0.02931, 0.66604
331378, 3, 0.50, 0.50, -0.94, 0.27, 52.51, 69.23, 1.32, 52.80, 0.01, 0.48, 0.49, 0.11, 0.63, 0.63, 0.63, 0.39, 0.45, 0.21, 0.56, 0.58, 0.65, 5.58, -68.73, 1.00, 2.15, 0.02931, 0.66832
331391, 3, 0.50, 0.50, -0.89, 0.10, 52.89, 69.24, 1.32, 52.80, 0.01, 0.48, 0.52, 0.11, 0.63, 0.65, 0.54, 0.39, 0.42, 0.25, 0.56, 0.58, 0.65, 5.20, -68.74, 1.00, 2.15, 0.02931, 0.67277
331404, 3, 0.50, 0.50, -0.86, 0.05, 53.30, 69.25, 1.32, 52.80, 0.01, 0.48, 0.49, 0.18, 0.63, 0.63, 0.61, 0.39, 0.41, 0.26, 0.56, 0.58, 0.68, 4.78, -68.75, 1.00, 2.16, 0.02931, 0.67876
331418, 3, 0.50, 0.50, -0.80, 0.07, 53.53, 69.26, 1.32, 52.80, 0.01, 0.48, 0.54, 0.19, 0.63, 0.63, 0.67, 0.39, 0.39, 0.21, 0.56, 0.58, 0.63, 4.40, -68.76, 1.00, 2.17, 0.02930, 0.68564
331431, 3, 0.50, 0.50, -0.90, -0.06, 53.80, 69.27, 1.32, 52.80, 0.01, 0.48, 0.51, 0.28, 0.63, 0.65, 0.53, 0.39, 0.38, 0.09, 0.56, 0.62, 0.21, 3.99, -68.77, 1.00, 2.17, 0.02930, 0.69276
331444, 3, 0.50, 0.50, -1.04, -0.11, 54.01, 69.29, 1.32, 52.80, 0.01, 0.48, 0.48, 0.30, 0.63, 0.59, 0.75, 0.39, 0.39, 0.11, 0.56, 0.59, 0.32, 3.77, -68.79, 1.00, 2.18, 0.02930, 0.69962
331458, 3, 0.50, 0.50, -0.93, 0.01, 53.66, 69.30, 1.32, 52.80, 0.01, 0.48, 0.46, 0.28, 0.63, 0.68, 0.37, 0.39, 0.38, 0.05, 0.56, 0.61, 0.23, 3.49, -68.80, 1.00, 2.19, 0.02930, 0.70604
331484, 3, 0.50, 0.50, -0.84, -0.26, 53.01, 69.31, 1.32, 52.80, 0.01, 0.48, 0.45, 0.09, 0.63, 0.59, 0.93, 0.39, 0.39, 0.02, 0.56, 0.54, 0.30, 3.29, -68.81, 1.00, 2.19, 0.02931, 0.71327
331493, 3, 0.50, 0.50, -0.92, -0.02, 52.38, 69.32, 1.32, 52.80, 0.01, 0.48, 0.48, 0.09, 0.63, 0.61, 0.84, 0.39, 0.38, 0.02, 0.56, 0.56, 0.33, 3.63, -68.82, 1.00, 2.21, 0.02933, 0.72224
331508, 3, 0.50, 0.50, -1.01, -0.18, 52.04, 69.34, 1.32, 52.80, 0.01, 0.48, 0.46, 0.02, 0.63, 0.63, 0.77, 0.39, 0.38, 0.07, 0.56, 0.51, 0.35, 4.29, -68.84, 1.00, 2.22, 0.02935, 0.72958
331516, 3, 0.50, 0.50, -0.65, -0.20, 51.53, 69.35, 1.32, 52.80, 0.01, 0.48, 0.45, 0.05, 0.63, 0.59, 0.89, 0.39, 0.44, 0.14, 0.56, 0.55, 0.49, 4.92, -68.85, 1.00, 2.22, 0.02937, 0.72843
331525, 3, 0.50, 0.50, -0.23, -0.22, 51.06, 69.35, 1.32, 52.80, 0.01, 0.48, 0.45, 0.12, 0.63, 0.61, 0.95, 0.39, 0.42, 0.05, 0.56, 0.62, 0.42, 5.26, -68.85, 1.00, 2.21, 0.02939, 0.71759
331538, 3, 0.50, 0.50, -0.72, -0.17, 50.69, 69.36, 1.32, 52.80, 0.01, 0.48, 0.49, 0.04, 0.63, 0.59, 1.07, 0.39, 0.44, 0.09, 0.56, 0.58, 0.30, 5.77, -68.86, 1.00, 2.20, 0.02941, 0.70323
331551, 3, 0.50, 0.50, -0.46, -0.20, 50.45, 69.37, 1.32, 52.80, 0.01, 0.48, 0.45, 0.02, 0.63, 0.59, 1.25, 0.39, 0.38, 0.09, 0.56, 0.52, 0.46, 6.24, -68.87, 1.00, 2.19, 0.02942, 0.69254
331564, 3, 0.50, 0.50, -0.78, -0.07, 50.46, 69.38, 1.32, 52.80, 0.01, 0.48, 0.48, 0.18, 0.63, 0.63, 1.25, 0.39, 0.41, 0.04, 0.56, 0.56, 0.30, 6.61, -68.88, 1.00, 2.18, 0.02943, 0.68562
331578, 3, 0.50, 0.50, -0.69, -0.03, 50.48, 69.39, 1.32, 52.80, 0.01, 0.48, 0.52, 0.14, 0.63, 0.63, 1.12, 0.39, 0.39, 0.05, 0.56, 0.55, 0.37, 6.84, -68.89, 1.00, 2.18, 0.02944, 0.67826
331591, 3, 0.50, 0.50, -0.87, -0.04, 50.67, 69.40, 1.32, 52.80, 0.01, 0.48, 0.45, 0.11, 0.63, 0.68, 0.86, 0.39, 0.41, 0.04, 0.56, 0.56, 0.33, 6.84, -68.90, 1.00, 2.17, 0.02945, 0.67022
331604, 3, 0.50, 0.50, -0.91, -0.01, 50.82, 69.41, 1.32, 52.80, 0.01, 0.48, 0.48, 0.35, 0.63, 0.62, 0.88, 0.39, 0.41, 0.04, 0.56, 0.56, 0.35, 6.81, -68.91, 1.00, 2.17, 0.02945, 0.66450
331618, 3, 0.50, 0.50, -1.04, 0.08, 50.93, 69.42, 1.32, 52.80, 0.01, 0.48, 0.55, 0.19, 0.63, 0.63, 1.07, 0.39, 0.41, 0.07, 0.56, 0.56, 0.40, 6.62, -68.92, 1.00, 2.17, 0.02946, 0.66337
331631, 3, 0.50, 0.50, -0.81, -0.08, 51.09, 69.43, 1.32, 52.80, 0.01, 0.48, 0.45, 0.21, 0.63, 0.66, 1.00, 0.39, 0.44, 0.23, 0.56, 0.58, 0.28, 6.48, -68.93, 1.00, 2.17, 0.02946, 0.66601
331644, 3, 0.50, 0.50, -0.80, -0.08, 51.43, 69.45, 1.32, 52.80, 0.01, 0.48, 0.51, 0.35, 0.63, 0.68, 0.77, 0.39, 0.42, 0.28, 0.56, 0.58, 0.26, 6.36, -68.95, 1.00, 2.17, 0.02947, 0.67035
331658, 3, 0.50, 0.50, -0.91, -0.10, 51.73, 69.46, 1.32, 52.80, 0.01, 0.48, 0.52, 0.25, 0.63, 0.66, 0.75, 0.39, 0.41, 0.25, 0.56, 0.58, 0.32, 6.20, -68.96, 1.00, 2.18, 0.02947, 0.67362
331671, 3, 0.50, 0.50, -0.89, -0.13, 51.94, 69.47, 1.32, 52.80, 0.01, 0.48, 0.45, 0.16, 0.63, 0.72, 0.39, 0.39, 0.39, 0.23, 0.56, 0.58, 0.30, 5.87, -68.97, 1.00, 2.18, 0.02947, 0.67522
331684, 3, 0.50, 0.50, -0.84, -0.24, 52.13, 69.48, 1.32, 52.80, 0.01, 0.48, 0.48, 0.09, 0.63, 0.61, 0.58, 0.39, 0.38, 0.12, 0.56, 0.56, 0.32, 5.57, -68.98, 1.00, 2.18, 0.02947, 0.67715
331698, 3, 0.50, 0.50, -0.89, -0.35, 52.34, 69.49, 1.32, 52.80, 0.01, 0.48, 0.46, 0.07, 0.63, 0.65, 0.58, 0.39, 0.35, 0.04, 0.56, 0.56, 0.42, 5.36, -68.99, 1.00, 2.19, 0.02947, 0.68132
331711, 3, 0.50, 0.50, -1.03, -0.30, 52.49, 69.51, 1.32, 52.80, 0.01, 0.48, 0.49, 0.11, 0.63, 0.61, 0.70, 0.39, 0.37, 0.02, 0.56, 0.55, 0.47, 5.17, -69.01, 1.00, 2.19, 0.02947, 0.68712
331724, 3, 0.50, 0.50, -0.95, -0.28, 52.44, 69.52, 1.32, 52.80, 0.01, 0.48, 0.48, 0.26, 0.63, 0.63, 0.72, 0.39, 0.39, 0.12, 0.56, 0.59, 0.26, 4.95, -69.02, 1.00, 2.20, 0.02948, 0.69222
331738, 3, 0.50, 0.50, -1.00, -0.21, 52.38, 69.53, 1.32, 52.80, 0.01, 0.48, 0.48, 0.18, 0.63, 0.66, 0.56, 0.39, 0.38, 0.12, 0.56, 0.58, 0.30, 4.81, -69.03, 1.00, 2.20, 0.02948, 0.69633
331751, 3, 0.50, 0.50, -1.04, -0.31, 52.29, 69.55, 1.32, 52.80, 0.01, 0.48, 0.48, 0.23, 0.63, 0.65, 0.56, 0.39, 0.39, 0.09, 0.56, 0.58, 0.21, 4.86, -69.05, 1.00, 2.21, 0.02949, 0.70023
331779, 3, 0.50, 0.50, -1.00, -0.35, 52.20, 69.56, 1.32, 52.80, 0.01, 0.48, 0.44, 0.02, 0.63, 0.58, 1.02, 0.39, 0.38, 0.25, 0.56, 0.49, 0.47, 4.92, -69.06, 1.00, 2.21, 0.02950, 0.70351
331791, 3, 0.50, 0.50, -1.09, -0.20, 52.08, 69.58, 1.32, 52.80, 0.01, 0.48, 0.46, 0.04, 0.63, 0.68, 0.54, 0.39, 0.39, 0.16, 0.56, 0.52, 0.60, 5.01, -69.08, 1.00, 2.21, 0.02951, 0.70438
331804, 3, 0.50, 0.50, -1.08, -0.11, 51.96, 69.59, 1.32, 52.80, 0.01, 0.48, 0.45, 0.11, 0.63, 0.62, 0.56, 0.39, 0.41, 0.12, 0.56, 0.51, 0.61, 5.09, -69.09, 1.00, 2.21, 0.02952, 0.70276
331819, 3, 0.50, 0.50, -1.06, -0.00, 51.84, 69.61, 1.32, 52.80, 0.01, 0.48, 0.46, 0.18, 0.63, 0.63, 0.60, 0.39, 0.39, 0.16, 0.56, 0.52, 0.65, 5.22, -69.11, 1.00, 2.21, 0.02953, 0.70039
331831, 3, 0.50, 0.50, -1.06, -0.03, 51.78, 69.62, 1.32, 52.80, 0.01, 0.48, 0.48, 0.11, 0.63, 0.66, 0.39, 0.39, 0.39, 0.26, 0.56, 0.55, 0.63, 5.34, -69.12, 1.00, 2.21, 0.02954, 0.69852
331844, 3, 0.50, 0.50, -1.06, -0.05, 51.78, 69.63, 1.32, 52.80, 0.01, 0.48, 0.51, 0.07, 0.63, 0.61, 0.67, 0.39, 0.39, 0.19, 0.56, 0.55, 0.63, 5.46, -69.13, 1.00, 2.21, 0.02954, 0.69670
331858, 3, 0.50, 0.50, -1.04, 0.11, 51.81, 69.65, 1.32, 52.80, 0.01, 0.48, 0.46, 0.14, 0.63, 0.62, 0.72, 0.39, 0.41, 0.19, 0.56, 0.56, 0.79, 5.52, -69.15, 1.00, 2.21, 0.02955, 0.69421
331871, 3, 0.50, 0.50, -1.02, 0.10, 51.85, 69.66, 1.32, 52.80, 0.01, 0.48, 0.48, 0.12, 0.63, 0.63, 0.67, 0.39, 0.41, 0.16, 0.56, 0.56, 0.79, 5.52, -69.16, 1.00, 2.21, 0.02956, 0.69156
331884, 3, 0.50, 0.50, -1.00, 0.23, 51.92, 69.67, 1.32, 52.80, 0.01, 0.48, 0.51, 0.12, 0.63, 0.66, 0.60, 0.39, 0.41, 0.19, 0.56, 0.58, 0.75, 5.49, -69.17, 1.00, 2.21, 0.02956, 0.68977
331898, 3, 0.50, 0.50, -1.05, 0.30, 51.99, 69.69, 1.32, 52.80, 0.01, 0.48, 0.48, 0.09, 0.63, 0.63, 0.61, 0.39, 0.44, 0.04, 0.56, 0.62, 0.46, 5.45, -69.19, 1.00, 2.21, 0.02957, 0.68944
331911, 3, 0.50, 0.50, -0.96, 0.14, 51.99, 69.70, 1.32, 52.80, 0.01, 0.48, 0.49, 0.02, 0.63, 0.65, 0.53, 0.39, 0.41, 0.14, 0.56, 0.62, 0.42, 5.38, -69.20, 1.00, 2.21, 0.02957, 0.69027
331924, 3, 0.50, 0.50, -0.88, -0.03, 52.05, 69.71, 1.32, 52.80, 0.01, 0.48, 0.49, 0.02, 0.63, 0.63, 0.68, 0.39, 0.44, 0.16, 0.56, 0.58, 0.33, 5.31, -69.21, 1.00, 2.21, 0.02958, 0.69184
331938, 3, 0.50, 0.50, -0.94, 0.02, 52.13, 69.72, 1.32, 52.80, 0.01, 0.48, 0.48, 0.04, 0.63, 0.63, 0.65, 0.39, 0.45, 0.26, 0.56, 0.58, 0.28, 5.30, -69.22, 1.00, 2.21, 0.02959, 0.69354
331951, 3, 0.50, 0.50, -0.91, -0.20, 52.14, 69.74, 1.32, 52.80, 0.01, 0.48, 0.48, 0.12, 0.63, 0.63, 0.70, 0.39, 0.42, 0.26, 0.56, 0.56, 0.32, 5.25, -69.24, 1.00, 2.21, 0.02959, 0.69477
331964, 3, 0.50, 0.50, -0.82, -0.18, 52.22, 69.75, 1.32, 52.80, 0.01, 0.48, 0.48, 0.09, 0.63, 0.63, 0.70, 0.39, 0.41, 0.26, 0.56, 0.54, 0.40, 5.16, -69.25, 1.00, 2.22, 0.02960, 0.69556
331978, 3, 0.50, 0.50, -0.84, 0.03, 52.31, 69.76, 1.32, 52.80, 0.01, 0.48, 0.49, 0.05, 0.63, 0.62, 0.70, 0.39, 0.42, 0.26, 0.56, 0.56, 0.28, 5.16, -69.26, 1.00, 2.22, 0.02960, 0.69606
331991, 3, 0.50, 0.50, -0.88, -0.13, 52.37, 69.77, 1.32, 52.80, 0.01, 0.48, 0.51, 0.12, 0.63, 0.65, 0.75, 0.39, 0.38, 0.19, 0.56, 0.55, 0.39, 5.07, -69.27, 1.00, 2.22, 0.02960, 0.69654
332004, 3, 0.50, 0.50, -0.92, -0.17, 52.42, 69.78, 1.32, 52.80, 0.01, 0.48, 0.49, 0.19, 0.63, 0.63, 0.75, 0.39, 0.37, 0.14, 0.56, 0.63, 0.12, 4.98, -69.28, 1.00, 2.22, 0.02961, 0.69722
332018, 3, 0.50, 0.50, -1.05, -0.08, 52.55, 69.80, 1.32, 52.80, 0.01, 0.48, 0.49, 0.21, 0.63, 0.63, 0.79, 0.39, 0.39, 0.18, 0.56, 0.56, 0.40, 4.92, -69.30, 1.00, 2.22, 0.02961, 0.69822
332031, 3, 0.50, 0.50, -1.24, -0.28, 52.50, 69.81, 1.32, 52.80, 0.01, 0.48, 0.49, 0.23, 0.63, 0.65, 0.81, 0.39, 0.39, 0.18, 0.56, 0.58, 0.18, 4.87, -69.31, 1.00, 2.22, 0.02962, 0.69936
332044, 3, 0.50, 0.50, -0.98, -0.53, 52.38, 69.83, 1.32, 52.80, 0.01, 0.48, 0.48, 0.14, 0.63, 0.65, 0.58, 0.39, 0.37, 0.12, 0.56, 0.59, 0.18, 4.75, -69.33, 1.00, 2.23, 0.02962, 0.70108
332058, 3, 0.50, 0.50, -0.89, -0.51, 52.22, 69.84, 1.32, 52.80, 0.01, 0.48, 0.48, 0.18, 0.63, 0.62, 0.70, 0.39, 0.38, 0.05, 0.56, 0.54, 0.26, 4.79, -69.34, 1.00, 2.23, 0.02963, 0.70358
332084, 3, 0.50, 0.50, -0.86, -0.65, 51.93, 69.85, 1.32, 52.80, 0.01, 0.48, 0.44, 0.04, 0.63, 0.58, 1.05, 0.39, 0.37, 0.12, 0.56, 0.51, 0.21, 4.92, -69.35, 1.00, 2.23, 0.02964, 0.70637
332093, 3, 0.50, 0.50, -0.79, -0.60, 51.67, 69.86, 1.32, 52.80, 0.01, 0.48, 0.46, 0.16, 0.63, 0.65, 0.79, 0.39, 0.38, 0.07, 0.56, 0.55, 0.28, 5.08, -69.36, 1.00, 2.24, 0.02966, 0.70853
332101, 3, 0.50, 0.50, -0.75, -0.39, 51.43, 69.87, 1.32, 52.80, 0.01, 0.48, 0.46, 0.02, 0.63, 0.66, 0.61, 0.39, 0.39, 0.05, 0.56, 0.55, 0.09, 5.36, -69.37, 1.00, 2.24, 0.02967, 0.70848
332117, 3, 0.50, 0.50, -0.71, -0.29, 51.20, 69.88, 1.32, 52.80, 0.01, 0.48, 0.45, 0.18, 0.63, 0.59, 0.98, 0.39, 0.38, 0.11, 0.56, 0.52, 0.42, 5.63, -69.38, 1.00, 2.24, 0.02968, 0.70575
332125, 3, 0.50, 0.50, -0.67, -0.21, 50.99, 69.89, 1.32, 52.80, 0.01, 0.48, 0.48, 0.12, 0.63, 0.66, 0.91, 0.39, 0.35, 0.19, 0.56, 0.55, 0.35, 5.87, -69.39, 1.00, 2.24, 0.02969, 0.70123
332138, 3, 0.50, 0.50, -0.77, -0.23, 50.92, 69.90, 1.32, 52.80, 0.01, 0.48, 0.49, 0.05, 0.63, 0.61, 0.84, 0.39, 0.38, 0.30, 0.56, 0.55, 0.42, 6.09, -69.40, 1.00, 2.23, 0.02971, 0.69626
332151, 3, 0.50, 0.50, -0.76, -0.20, 50.84, 69.91, 1.32, 52.80, 0.01, 0.48, 0.46, 0.21, 0.63, 0.62, 0.98, 0.39, 0.39, 0.16, 0.56, 0.52, 0.72, 6.31, -69.41, 1.00, 2.23, 0.02972, 0.69126
332164, 3, 0.50, 0.50, -0.77, 0.07, 50.75, 69.92, 1.32, 52.80, 0.01, 0.48, 0.46, 0.19, 0.63, 0.65, 0.84, 0.39, 0.39, 0.21, 0.56, 0.51, 0.74, 6.38, -69.42, 1.00, 2.23, 0.02973, 0.68690
332178, 3, 0.50, 0.50, -0.85, 0.08, 50.82, 69.94, 1.32, 52.80, 0.01, 0.48, 0.48, 0.16, 0.63, 0.69, 0.54, 0.39, 0.41, 0.19, 0.56, 0.55, 0.70, 6.46, -69.44, 1.00, 2.22, 0.02974, 0.68383
332191, 3, 0.50, 0.50, -0.87, 0.02, 50.88, 69.95, 1.32, 52.80, 0.01, 0.48, 0.49, 0.19, 0.63, 0.62, 0.65, 0.39, 0.42, 0.05, 0.56, 0.55, 0.72, 6.55, -69.45, 1.00, 2.22, 0.02974, 0.68181
332204, 3, 0.50, 0.50, -0.78, 0.26, 50.98, 69.96, 1.32, 52.80, 0.01, 0.48, 0.51, 0.16, 0.63, 0.65, 0.70, 0.39, 0.41, 0.07, 0.56, 0.55, 0.81, 6.47, -69.46, 1.00, 2.22, 0.02975, 0.68063
332218, 3, 0.50, 0.50, -0.82, 0.27, 51.22, 69.97, 1.32, 52.80, 0.01, 0.48, 0.48, 0.12, 0.63, 0.63, 0.67, 0.39, 0.41, 0.05, 0.56, 0.58, 0.72, 6.42, -69.47, 1.00, 2.22, 0.02975, 0.67989
332231, 3, 0.50, 0.50, -0.69, 0.33, 51.50, 69.98, 1.32, 52.80, 0.01, 0.48, 0.48, 0.19, 0.63, 0.65, 0.75, 0.39, 0.41, 0.04, 0.56, 0.58, 0.70, 6.32, -69.48, 1.00, 2.22, 0.02976, 0.67941
332244, 3, 0.50, 0.50, -0.78, 0.16, 52.01, 69.99, 1.32, 52.80, 0.01, 0.48, 0.54, 0.12, 0.63, 0.65, 0.63, 0.39, 0.41, 0.11, 0.56, 0.61, 0.60, 6.08, -69.49, 1.00, 2.22, 0.02976, 0.67939
332258, 3, 0.50, 0.50, -0.81, 0.19, 52.45, 70.00, 1.32, 52.80, 0.01, 0.48, 0.48, 0.25, 0.63, 0.65, 0.63, 0.39, 0.44, 0.16, 0.56, 0.58, 0.49, 5.80, -69.50, 1.00, 2.22, 0.02975, 0.67965
332271, 3, 0.50, 0.50, -0.87, 0.03, 52.92, 70.01, 1.32, 52.80, 0.01, 0.48, 0.48, 0.11, 0.63, 0.65, 0.63, 0.39, 0.42, 0.16, 0.56, 0.58, 0.53, 5.29, -69.51, 1.00, 2.22, 0.02975, 0.68090
332284, 3, 0.50, 0.50, -0.85, -0.06, 53.30, 70.02, 1.32, 52.80, 0.01, 0.48, 0.49, 0.05, 0.63, 0.65, 0.63, 0.39, 0.37, 0.12, 0.56, 0.61, 0.42, 4.85, -69.52, 1.00, 2.23, 0.02974, 0.68468
332298, 3, 0.50, 0.50, -0.99, -0.13, 53.54, 70.03, 1.32, 52.80, 0.01, 0.48, 0.49, 0.05, 0.63, 0.62, 0.72, 0.39, 0.41, 0.07, 0.56, 0.63, 0.19, 4.38, -69.53, 1.00, 2.23, 0.02974, 0.69186
332311, 3, 0.50, 0.50, -0.86, -0.27, 53.53, 70.04, 1.32, 52.80, 0.01, 0.48, 0.48, 0.18, 0.63, 0.63, 0.75, 0.39, 0.42, 0.12, 0.56, 0.65, 0.14, 3.99, -69.54, 1.00, 2.24, 0.02974, 0.70146
332324, 3, 0.50, 0.50, -1.02, -0.18, 53.47, 70.06, 1.32, 52.80, 0.01, 0.48, 0.49, 0.09, 0.63, 0.79, 0.26, 0.39, 0.39, 0.07, 0.56, 0.58, 0.18, 3.75, -69.56, 1.00, 2.25, 0.02975, 0.71209
332338, 3, 0.50, 0.50, -1.02, -0.45, 53.21, 70.07, 1.32, 52.80, 0.01, 0.48, 0.49, 0.21, 0.63, 0.56, 0.44, 0.39, 0.41, 0.11, 0.56, 0.58, 0.21, 3.77, -69.57, 1.00, 2.26, 0.02975, 0.72154
332351, 3, 0.50, 0.50, -0.98, -0.72, 52.67, 70.09, 1.32, 52.80, 0.01, 0.48, 0.45, 0.18, 0.63, 0.65, 0.33, 0.39, 0.41, 0.14, 0.56, 0.61, 0.16, 3.82, -69.59, 1.00, 2.27, 0.02976, 0.72818
332379, 3, 0.50, 0.50, -1.04, -0.84, 51.98, 70.10, 1.32, 52.80, 0.01, 0.48, 0.44, 0.11, 0.63, 0.55, 0.79, 0.39, 0.39, 0.05, 0.56, 0.52, 0.39, 4.09, -69.60, 1.00, 2.28, 0.02978, 0.73195
332391, 3, 0.50, 0.50, -1.02, -0.57, 51.10, 70.12, 1.32, 52.80, 0.01, 0.48, 0.44, 0.23, 0.63, 0.62, 0.40, 0.39, 0.38, 0.11, 0.56, 0.58, 0.11, 4.63, -69.62, 1.00, 2.28, 0.02980, 0.73321
332404, 3, 0.50, 0.50, -0.90, -0.22, 50.36, 70.13, 1.32, 52.80, 0.01, 0.48, 0.46, 0.23, 0.63, 0.59, 0.74, 0.39, 0.38, 0.07, 0.56, 0.46, 0.47, 5.31, -69.63, 1.00, 2.29, 0.02983, 0.73206
332419, 3, 0.50, 0.50, -0.99, 0.04, 49.84, 70.14, 1.32, 52.80, 0.01, 0.48, 0.45, 0.33, 0.63, 0.63, 0.53, 0.39, 0.39, 0.05, 0.56, 0.58, 0.25, 6.19, -69.64, 1.00, 2.28, 0.02986, 0.72638
332431, 3, 0.50, 0.50, -1.07, 0.32, 49.33, 70.16, 1.32, 52.80, 0.01, 0.48, 0.45, 0.44, 0.63, 0.58, 0.86, 0.39, 0.38, 0.25, 0.56, 0.52, 0.42, 6.94, -69.66, 1.00, 2.27, 0.02988, 0.71423
332444, 3, 0.50, 0.50, -1.02, 0.05, 48.81, 70.17, 1.32, 52.80, 0.01, 0.48, 0.48, 0.39, 0.63, 0.59, 0.84, 0.39, 0.41, 0.14, 0.56, 0.54, 0.74, 7.45, -69.67, 1.00, 2.26, 0.02990, 0.69790
332458, 3, 0.50, 0.50, -0.97, 0.01, 48.86, 70.18, 1.32, 52.80, 0.01, 0.48, 0.46, 0.30, 0.63, 0.62, 0.84, 0.39, 0.44, 0.05, 0.56, 0.54, 0.70, 7.96, -69.68, 1.00, 2.25, 0.02992, 0.68279
332471, 3, 0.50, 0.50, -0.98, 0.23, 49.24, 70.19, 1.32, 52.80, 0.01, 0.48, 0.49, 0.46, 0.63, 0.62, 0.81, 0.39, 0.42, 0.02, 0.56, 0.56, 0.58, 8.49, -69.69, 1.00, 2.24, 0.02993, 0.67034
332484, 3, 0.50, 0.50, -0.90, 0.44, 49.61, 70.21, 1.32, 52.80, 0.01, 0.48, 0.49, 0.26, 0.63, 0.65, 0.81, 0.39, 0.39, 0.05, 0.56, 0.56, 0.61, 8.44, -69.71, 1.00, 2.23, 0.02993, 0.65879
332498, 3, 0.50, 0.50, -0.89, 0.41, 50.25, 70.22, 1.32, 52.80, 0.01, 0.48, 0.48, 0.46, 0.63, 0.66, 0.70, 0.39, 0.44, 0.11, 0.56, 0.58, 0.53, 8.06, -69.72, 1.00, 2.22, 0.02993, 0.64878
332511, 3, 0.50, 0.50, -0.94, 0.43, 50.95, 70.23, 1.32, 52.80, 0.01, 0.48, 0.49, 0.32, 0.63, 0.65, 0.75, 0.39, 0.44, 0.21, 0.56, 0.56, 0.58, 7.69, -69.73, 1.00, 2.21, 0.02993, 0.64384
332524, 3, 0.50, 0.50, -1.07, 0.29, 51.51, 70.24, 1.32, 52.80, 0.01, 0.48, 0.51, 0.18, 0.63, 0.70, 0.28, 0.39, 0.39, 0.18, 0.56, 0.58, 0.58, 7.05, -69.74, 1.00, 2.21, 0.02992, 0.64694
332538, 3, 0.50, 0.50, -1.05, 0.19, 52.13, 70.25, 1.32, 52.80, 0.01, 0.48, 0.49, 0.26, 0.63, 0.63, 0.49, 0.39, 0.39, 0.12, 0.56, 0.58, 0.53, 6.34, -69.75, 1.00, 2.22, 0.02992, 0.65676
332551, 3, 0.50, 0.50, -0.97, 0.17, 52.50, 70.27, 1.32, 52.80, 0.01, 0.48, 0.51, 0.09, 0.63, 0.68, 0.35, 0.39, 0.39, 0.05, 0.56, 0.56, 0.67, 5.79, -69.77, 1.00, 2.23, 0.02991, 0.66915
332564, 3, 0.50, 0.50, -1.01, -0.02, 52.90, 70.28, 1.32, 52.80, 0.01, 0.48, 0.49, 0.09, 0.63, 0.62, 0.54, 0.39, 0.38, 0.07, 0.56, 0.56, 0.58, 5.16, -69.78, 1.00, 2.25, 0.02991, 0.68227
332578, 3, 0.50, 0.50, -1.02, 0.12, 53.10, 70.29, 1.32, 52.80, 0.01, 0.48, 0.49, 0.04, 0.63, 0.65, 0.46, 0.39, 0.41, 0.09, 0.56, 0.56, 0.63, 4.80, -69.79, 1.00, 2.26, 0.02990, 0.69501
332591, 3, 0.50, 0.50, -0.97, -0.17, 53.24, 70.31, 1.32, 52.80, 0.01, 0.48, 0.49, 0.09, 0.63, 0.65, 0.44, 0.39, 0.41, 0.05, 0.56, 0.61, 0.30, 4.40, -69.81, 1.00, 2.27, 0.02991, 0.70576
332604, 3, 0.50, 0.50, -0.91, -0.21, 53.45, 70.32, 1.32, 52.80, 0.01, 0.48, 0.52, 0.19, 0.63, 0.62, 0.56, 0.39, 0.37, 0.07, 0.56, 0.61, 0.30, 4.19, -69.82, 1.00, 2.28, 0.02991, 0.71366
332618, 3, 0.50, 0.50, -0.93, -0.14, 53.43, 70.33, 1.32, 52.80, 0.01, 0.48, 0.49, 0.23, 0.63, 0.69, 0.19, 0.39, 0.38, 0.05, 0.56, 0.59, 0.25, 4.06, -69.83, 1.00, 2.28, 0.02991, 0.71878
332631, 3, 0.50, 0.50, -0.96, -0.53, 53.22, 70.35, 1.32, 52.80, 0.01, 0.48, 0.48, 0.28, 0.63, 0.65, 0.35, 0.39, 0.41, 0.05, 0.56, 0.62, 0.23, 3.85, -69.85, 1.00, 2.29, 0.02991, 0.72205
332644, 3, 0.50, 0.50, -0.89, -0.39, 52.99, 70.36, 1.32, 52.80, 0.01, 0.48, 0.48, 0.19, 0.63, 0.63, 0.44, 0.39, 0.38, 0.16, 0.56, 0.56, 0.21, 3.87, -69.86, 1.00, 2.29, 0.02992, 0.72519
332658, 3, 0.50, 0.50, -0.90, -0.43, 52.62, 70.37, 1.32, 52.80, 0.01, 0.48, 0.48, 0.21, 0.63, 0.65, 0.28, 0.39, 0.38, 0.19, 0.56, 0.55, 0.26, 4.08, -69.87, 1.00, 2.30, 0.02993, 0.72871
332684, 3, 0.50, 0.50, -0.93, -0.47, 52.40, 70.38, 1.32, 52.80, 0.01, 0.48, 0.45, 0.09, 0.63, 0.59, 0.67, 0.39, 0.39, 0.18, 0.56, 0.52, 0.28, 4.30, -69.88, 1.00, 2.30, 0.02995, 0.73093
332693, 3, 0.50, 0.50, -1.00, -0.33, 52.15, 70.40, 1.32, 52.80, 0.01, 0.48, 0.46, 0.07, 0.63, 0.65, 0.37, 0.39, 0.38, 0.21, 0.56, 0.52, 0.46, 4.67, -69.90, 1.00, 2.30, 0.02996, 0.72942
332701, 3, 0.50, 0.50, -0.93, -0.25, 51.88, 70.41, 1.32, 52.80, 0.01, 0.48, 0.46, 0.07, 0.63, 0.66, 0.26, 0.39, 0.38, 0.28, 0.56, 0.54, 0.44, 4.90, -69.91, 1.00, 2.30, 0.02997, 0.72393
332717, 3, 0.50, 0.50, -1.03, -0.14, 51.57, 70.42, 1.32, 52.80, 0.01, 0.48, 0.48, 0.07, 0.63, 0.58, 0.70, 0.39, 0.39, 0.25, 0.56, 0.56, 0.32, 5.15, -69.92, 1.00, 2.29, 0.02998, 0.71730
332725, 3, 0.50, 0.50, -1.12, -0.04, 51.29, 70.44, 1.32, 52.80, 0.01, 0.48, 0.48, 0.05, 0.63, 0.66, 0.68, 0.39, 0.39, 0.26, 0.56, 0.56, 0.30, 5.42, -69.94, 1.00, 2.29, 0.03000, 0.71234
332738, 3, 0.50, 0.50, -1.11, -0.13, 51.13, 70.45, 1.32, 52.80, 0.01, 0.48, 0.49, 0.14, 0.63, 0.59, 0.46, 0.39, 0.38, 0.28, 0.56, 0.54, 0.35, 5.72, -69.95, 1.00, 2.29, 0.03001, 0.70903
332751, 3, 0.50, 0.50, -1.13, 0.05, 50.89, 70.47, 1.32, 52.80, 0.01, 0.48, 0.51, 0.05, 0.63, 0.61, 0.91, 0.39, 0.41, 0.23, 0.56, 0.56, 0.30, 6.00, -69.97, 1.00, 2.29, 0.03002, 0.70568
332764, 3, 0.50, 0.50, -1.08, 0.25, 50.66, 70.48, 1.32, 52.80, 0.01, 0.48, 0.45, 0.12, 0.63, 0.62, 0.75, 0.39, 0.42, 0.12, 0.56, 0.55, 0.42, 6.17, -69.98, 1.00, 2.28, 0.03004, 0.70159
332778, 3, 0.50, 0.50, -0.95, 0.43, 50.60, 70.49, 1.32, 52.80, 0.01, 0.48, 0.46, 0.18, 0.63, 0.66, 0.74, 0.39, 0.41, 0.02, 0.56, 0.55, 0.44, 6.40, -69.99, 1.00, 2.28, 0.03005, 0.69751
332791, 3, 0.50, 0.50, -1.06, 0.14, 50.75, 70.51, 1.32, 52.80, 0.01, 0.48, 0.49, 0.05, 0.63, 0.61, 0.74, 0.39, 0.44, 0.09, 0.56, 0.56, 0.44, 6.64, -70.01, 1.00, 2.28, 0.03006, 0.69392
332804, 3, 0.50, 0.50, -1.13, 0.25, 50.69, 70.52, 1.32, 52.80, 0.01, 0.48, 0.48, 0.11, 0.63, 0.63, 0.77, 0.39, 0.41, 0.04, 0.56, 0.56, 0.39, 6.69, -70.02, 1.00, 2.28, 0.03006, 0.68966
332823, 3, 0.50, 0.50, -1.13, 0.05, 50.86, 70.54, 1.32, 52.80, 0.01, 0.48, 0.48, 0.16, 0.63, 0.66, 0.77, 0.39, 0.41, 0.05, 0.56, 0.59, 0.49, 6.55, -70.04, 1.00, 2.27, 0.03007, 0.68566
332831, 3, 0.50, 0.50, -1.18, 0.03, 51.00, 70.55, 1.32, 52.80, 0.01, 0.48, 0.52, 0.09, 0.63, 0.65, 0.75, 0.39, 0.42, 0.07, 0.56, 0.59, 0.25, 6.61, -70.05, 1.00, 2.27, 0.03008, 0.68346
332844, 3, 0.50, 0.50, -1.16, 0.08, 51.06, 70.57, 1.32, 52.80, 0.01, 0.48, 0.51, 0.05, 0.63, 0.69, 0.40, 0.39, 0.41, 0.14, 0.56, 0.58, 0.12, 6.43, -70.07, 1.00, 2.27, 0.03008, 0.68405
332858, 3, 0.50, 0.50, -1.12, -0.21, 51.17, 70.58, 1.32, 52.80, 0.01, 0.48, 0.45, 0.28, 0.63, 0.65, 0.75, 0.39, 0.41, 0.05, 0.56, 0.59, 0.33, 6.29, -70.08, 1.00, 2.28, 0.03009, 0.68664
332871, 3, 0.50, 0.50, -1.03, -0.21, 51.23, 70.60, 1.32, 52.80, 0.01, 0.48, 0.55, 0.14, 0.63, 0.63, 0.61, 0.39, 0.39, 0.12, 0.56, 0.59, 0.12, 6.24, -70.10, 1.00, 2.28, 0.03009, 0.68958
332884, 3, 0.50, 0.50, -1.01, -0.24, 51.35, 70.61, 1.32, 52.80, 0.01, 0.48, 0.49, 0.25, 0.63, 0.62, 0.72, 0.39, 0.38, 0.02, 0.56, 0.56, 0.30, 6.13, -70.11, 1.00, 2.28, 0.03010, 0.69237
332898, 3, 0.50, 0.50, -1.13, -0.34, 51.43, 70.63, 1.32, 52.80, 0.01, 0.48, 0.46, 0.16, 0.63, 0.68, 0.44, 0.39, 0.39, 0.07, 0.56, 0.59, 0.18, 6.06, -70.13, 1.00, 2.29, 0.03010, 0.69465
332911, 3, 0.50, 0.50, -0.98, -0.38, 51.37, 70.64, 1.32, 52.80, 0.01, 0.48, 0.49, 0.14, 0.63, 0.65, 0.49, 0.39, 0.41, 0.09, 0.56, 0.55, 0.23, 5.94, -70.14, 1.00, 2.29, 0.03011, 0.69612
332924, 3, 0.50, 0.50, -0.92, -0.46, 51.31, 70.65, 1.32, 52.80, 0.01, 0.48, 0.48, 0.19, 0.63, 0.63, 0.54, 0.39, 0.38, 0.23, 0.56, 0.55, 0.21, 5.86, -70.15, 1.00, 2.29, 0.03012, 0.69770
332938, 3, 0.50, 0.50, -0.94, -0.34, 51.17, 70.67, 1.32, 52.80, 0.01, 0.48, 0.46, 0.12, 0.63, 0.63, 0.51, 0.39, 0.39, 0.14, 0.56, 0.56, 0.19, 5.93, -70.17, 1.00, 2.30, 0.03013, 0.70037
332951, 3, 0.50, 0.50, -0.95, -0.42, 50.95, 70.68, 1.32, 52.80, 0.01, 0.48, 0.46, 0.05, 0.63, 0.62, 0.53, 0.39, 0.42, 0.05, 0.56, 0.55, 0.21, 5.98, -70.18, 1.00, 2.30, 0.03014, 0.70310
332979, 3, 0.50, 0.50, -1.01, -0.23, 50.78, 70.69, 1.32, 52.80, 0.01, 0.48, 0.45, 0.18, 0.63, 0.59, 0.95, 0.39, 0.37, 0.40, 0.56, 0.52, 0.47, 6.13, -70.19, 1.00, 2.30, 0.03015, 0.70456
332991, 3, 0.50, 0.50, -0.98, -0.17, 50.61, 70.71, 1.32, 52.80, 0.01, 0.48, 0.46, 0.25, 0.63, 0.59, 0.91, 0.39, 0.41, 0.23, 0.56, 0.49, 0.65, 6.35, -70.21, 1.00, 2.30, 0.03016, 0.70402
333004, 3, 0.50, 0.50, -0.94, 0.13, 50.54, 70.72, 1.32, 52.80, 0.01, 0.48, 0.48, 0.16, 0.63, 0.62, 0.95, 0.39, 0.41, 0.19, 0.56, 0.55, 0.58, 6.52, -70.22, 1.00, 2.30, 0.03017, 0.70154
333019, 3, 0.50, 0.50, -1.00, 0.07, 50.66, 70.73, 1.32, 52.80, 0.01, 0.48, 0.46, 0.28, 0.63, 0.63, 0.75, 0.39, 0.39, 0.33, 0.56, 0.54, 0.61, 6.69, -70.23, 1.00, 2.30, 0.03018, 0.69753
333031, 3, 0.50, 0.50, -0.94, 0.10, 50.71, 70.74, 1.32, 52.80, 0.01, 0.48, 0.48, 0.19, 0.63, 0.65, 0.77, 0.39, 0.45, 0.07, 0.56, 0.56, 0.56, 6.75, -70.24, 1.00, 2.30, 0.03019, 0.69234
333044, 3, 0.50, 0.50, -0.93, 0.56, 50.81, 70.76, 1.32, 52.80, 0.01, 0.48, 0.48, 0.26, 0.63, 0.68, 0.61, 0.39, 0.44, 0.09, 0.56, 0.55, 0.58, 6.64, -70.26, 1.00, 2.29, 0.03019, 0.68774
333058, 3, 0.50, 0.50, -0.91, 0.30, 51.17, 70.77, 1.32, 52.80, 0.01, 0.48, 0.49, 0.14, 0.63, 0.65, 0.68, 0.39, 0.39, 0.18, 0.56, 0.58, 0.53, 6.58, -70.27, 1.00, 2.29, 0.03020, 0.68564
333071, 3, 0.50, 0.50, -0.97, 0.37, 51.56, 70.78, 1.32, 52.80, 0.01, 0.48, 0.49, 0.11, 0.63, 0.68, 0.53, 0.39, 0.41, 0.04, 0.56, 0.58, 0.51, 6.48, -70.28, 1.00, 2.29, 0.03020, 0.68545
333084, 3, 0.50, 0.50, -1.06, 0.40, 51.90, 70.79, 1.32, 52.80, 0.01, 0.48, 0.48, 0.23, 0.63, 0.65, 0.61, 0.39, 0.44, 0.16, 0.56, 0.59, 0.42, 6.13, -70.29, 1.00, 2.29, 0.03020, 0.68588
333098, 3, 0.50, 0.50, -1.00, 0.45, 52.22, 70.81, 1.32, 52.80, 0.01, 0.48, 0.54, 0.12, 0.63, 0.65, 0.61, 0.39, 0.42, 0.25, 0.56, 0.58, 0.42, 5.74, -70.31, 1.00, 2.29, 0.03020, 0.68730
333111, 3, 0.50, 0.50, -1.05, 0.03, 52.48, 70.82, 1.32, 52.80, 0.01, 0.48, 0.49, 0.19, 0.63, 0.66, 0.51, 0.39, 0.41, 0.26, 0.56, 0.58, 0.40, 5.40, -70.32, 1.00, 2.30, 0.03020, 0.69130
333124, 3, 0.50, 0.50, -1.07, 0.00, 52.58, 70.83, 1.32, 52.80, 0.01, 0.48, 0.45, 0.23, 0.63, 0.63, 0.53, 0.39, 0.44, 0.26, 0.56, 0.58, 0.35, 5.08, -70.33, 1.00, 2.30, 0.03020, 0.69849
333138, 3, 0.50, 0.50, -1.12, -0.35, 52.70, 70.85, 1.32, 52.80, 0.01, 0.48, 0.51, 0.05, 0.63, 0.65, 0.53, 0.39, 0.42, 0.23, 0.56, 0.56, 0.47, 4.82, -70.35, 1.00, 2.31, 0.03020, 0.70716
333151, 3, 0.50, 0.50, -1.01, -0.27, 52.81, 70.86, 1.32, 52.80, 0.01, 0.48, 0.49, 0.02, 0.63, 0.63, 0.60, 0.39, 0.38, 0.19, 0.56, 0.58, 0.47, 4.71, -70.36, 1.00, 2.32, 0.03020, 0.71439
333164, 3, 0.50, 0.50, -1.19, -0.13, 52.93, 70.88, 1.32, 52.80, 0.01, 0.48, 0.49, 0.04, 0.63, 0.68, 0.58, 0.39, 0.35, 0.09, 0.56, 0.61, 0.14, 4.60, -70.38, 1.00, 2.33, 0.03021, 0.71888
333178, 3, 0.50, 0.50, -1.32, -0.38, 53.10, 70.90, 1.32, 52.80, 0.01, 0.48, 0.51, 0.19, 0.63, 0.63, 0.58, 0.39, 0.37, 0.04, 0.56, 0.58, 0.25, 4.49, -70.40, 1.00, 2.33, 0.03021, 0.72073
333191, 3, 0.50, 0.50, -1.36, -0.41, 53.06, 70.92, 1.32, 52.80, 0.01, 0.48, 0.49, 0.25, 0.63, 0.70, 0.28, 0.39, 0.39, 0.05, 0.56, 0.62, 0.19, 4.36, -70.42, 1.00, 2.33, 0.03021, 0.72075
333204, 3, 0.50, 0.50, -1.25, -0.47, 52.99, 70.93, 1.32, 52.80, 0.01, 0.48, 0.49, 0.28, 0.63, 0.63, 0.42, 0.39, 0.41, 0.04, 0.56, 0.56, 0.26, 4.20, -70.43, 1.00, 2.33, 0.03022, 0.72143
333218, 3, 0.50, 0.50, -1.17, -0.62, 52.73, 70.95, 1.32, 52.80, 0.01, 0.48, 0.48, 0.19, 0.63, 0.66, 0.21, 0.39, 0.38, 0.12, 0.56, 0.54, 0.21, 4.24, -70.45, 1.00, 2.33, 0.03022, 0.72421
333231, 3, 0.50, 0.50, -1.11, -0.63, 52.41, 70.97, 1.32, 52.80, 0.01, 0.48, 0.48, 0.11, 0.63, 0.59, 0.40, 0.39, 0.38, 0.14, 0.56, 0.62, 0.18, 4.31, -70.47, 1.00, 2.34, 0.03024, 0.72849
333244, 3, 0.50, 0.50, -1.09, -0.72, 52.00, 70.98, 1.32, 52.80, 0.01, 0.48, 0.49, 0.11, 0.63, 0.62, 0.40, 0.39, 0.39, 0.16, 0.56, 0.56, 0.23, 4.56, -70.48, 1.00, 2.34, 0.03025, 0.73196
333258, 3, 0.50, 0.50, -1.11, -0.71, 51.60, 71.00, 1.32, 52.80, 0.01, 0.48, 0.45, 0.07, 0.63, 0.59, 0.46, 0.39, 0.38, 0.25, 0.56, 0.51, 0.33, 4.89, -70.50, 1.00, 2.35, 0.03027, 0.73285
333284, 3, 0.50, 0.50, -0.98, -0.51, 51.05, 71.01, 1.32, 52.80, 0.01, 0.48, 0.46, 0.21, 0.63, 0.58, 0.91, 0.39, 0.38, 0.44, 0.56, 0.51, 0.58, 5.29, -70.51, 1.00, 2.35, 0.03028, 0.73049
333298, 3, 0.50, 0.50, -0.96, -0.19, 50.71, 71.02, 1.32, 52.80, 0.01, 0.48, 0.46, 0.25, 0.63, 0.61, 0.82, 0.39, 0.37, 0.51, 0.56, 0.51, 0.82, 5.70, -70.52, 1.00, 2.35, 0.03030, 0.72592
333311, 3, 0.50, 0.50, -0.87, 0.02, 50.62, 71.04, 1.32, 52.80, 0.01, 0.48, 0.45, 0.42, 0.63, 0.63, 0.74, 0.39, 0.38, 0.49, 0.56, 0.51, 0.91, 6.25, -70.54, 1.00, 2.34, 0.03032, 0.71935
333326, 3, 0.50, 0.50, -0.72, 0.29, 50.79, 71.04, 1.32, 52.80, 0.01, 0.48, 0.46, 0.42, 0.63, 0.63, 0.75, 0.39, 0.39, 0.46, 0.56, 0.55, 0.74, 6.58, -70.54, 1.00, 2.33, 0.03033, 0.71007
333338, 3, 0.50, 0.50, -0.94, 0.25, 51.15, 71.06, 1.32, 52.80, 0.01, 0.48, 0.48, 0.28, 0.63, 0.62, 0.81, 0.39, 0.42, 0.28, 0.56, 0.56, 0.77, 6.68, -70.56, 1.00, 2.32, 0.03033, 0.69838
333351, 3, 0.50, 0.50, -1.00, 0.49, 51.37, 71.07, 1.32, 52.80, 0.01, 0.48, 0.49, 0.30, 0.63, 0.72, 0.25, 0.39, 0.42, 0.07, 0.56, 0.56, 0.79, 6.50, -70.57, 1.00, 2.31, 0.03033, 0.68718
333364, 3, 0.50, 0.50, -0.88, 0.45, 51.75, 71.08, 1.32, 52.80, 0.01, 0.48, 0.51, 0.21, 0.63, 0.62, 0.56, 0.39, 0.42, 0.14, 0.56, 0.58, 0.75, 6.14, -70.58, 1.00, 2.31, 0.03033, 0.68181
333378, 3, 0.50, 0.50, -0.87, 0.40, 52.05, 71.09, 1.32, 52.80, 0.01, 0.48, 0.51, 0.14, 0.63, 0.70, 0.28, 0.39, 0.42, 0.04, 0.56, 0.58, 0.72, 5.92, -70.59, 1.00, 2.31, 0.03033, 0.68418
333391, 3, 0.50, 0.50, -0.93, 0.33, 52.39, 71.10, 1.32, 52.80, 0.01, 0.48, 0.51, 0.14, 0.63, 0.63, 0.42, 0.39, 0.41, 0.05, 0.56, 0.59, 0.63, 5.54, -70.60, 1.00, 2.32, 0.03033, 0.69168
333404, 3, 0.50, 0.50, -0.94, 0.06, 52.71, 71.11, 1.32, 52.80, 0.01, 0.48, 0.51, 0.09, 0.63, 0.70, 0.21, 0.39, 0.42, 0.11, 0.56, 0.58, 0.58, 5.25, -70.61, 1.00, 2.32, 0.03033, 0.69961
333418, 3, 0.50, 0.50, -0.99, -0.15, 53.27, 71.13, 1.32, 52.80, 0.01, 0.48, 0.49, 0.09, 0.63, 0.62, 0.53, 0.39, 0.42, 0.14, 0.56, 0.56, 0.56, 4.91, -70.63, 1.00, 2.33, 0.03033, 0.70583
333431, 3, 0.50, 0.50, -1.06, -0.18, 53.78, 71.14, 1.32, 52.80, 0.01, 0.48, 0.49, 0.11, 0.63, 0.68, 0.19, 0.39, 0.39, 0.12, 0.56, 0.56, 0.47, 4.59, -70.64, 1.00, 2.33, 0.03032, 0.70975
333444, 3, 0.50, 0.50, -0.97, -0.26, 54.03, 71.15, 1.32, 52.80, 0.01, 0.48, 0.49, 0.05, 0.63, 0.62, 0.32, 0.39, 0.39, 0.05, 0.56, 0.59, 0.46, 4.02, -70.65, 1.00, 2.33, 0.03032, 0.71276
333458, 3, 0.50, 0.50, -1.06, -0.29, 54.18, 71.17, 1.32, 52.80, 0.01, 0.48, 0.54, 0.14, 0.63, 0.65, 0.18, 0.39, 0.38, 0.11, 0.56, 0.63, 0.23, 3.51, -70.67, 1.00, 2.34, 0.03031, 0.71783
333471, 3, 0.50, 0.50, -0.91, -0.32, 54.25, 71.18, 1.32, 52.80, 0.01, 0.48, 0.51, 0.28, 0.63, 0.61, 0.37, 0.39, 0.39, 0.05, 0.56, 0.59, 0.23, 3.26, -70.68, 1.00, 2.35, 0.03032, 0.72674
333484, 3, 0.50, 0.50, -0.91, -0.55, 54.18, 71.19, 1.32, 52.80, 0.01, 0.48, 0.49, 0.26, 0.63, 0.62, 0.40, 0.39, 0.39, 0.02, 0.56, 0.58, 0.19, 3.12, -70.69, 1.00, 2.36, 0.03032, 0.73775
333498, 3, 0.50, 0.50, -0.97, -0.60, 53.90, 71.21, 1.32, 52.80, 0.01, 0.48, 0.49, 0.21, 0.63, 0.63, 0.28, 0.39, 0.41, 0.07, 0.56, 0.59, 0.16, 3.04, -70.71, 1.00, 2.37, 0.03032, 0.74650
333511, 3, 0.50, 0.50, -0.82, -0.71, 53.52, 71.22, 1.32, 52.80, 0.01, 0.48, 0.46, 0.25, 0.63, 0.62, 0.46, 0.39, 0.41, 0.04, 0.56, 0.56, 0.23, 3.11, -70.72, 1.00, 2.38, 0.03033, 0.75128
333524, 3, 0.50, 0.50, -0.90, -0.69, 53.19, 71.23, 1.32, 52.80, 0.01, 0.48, 0.46, 0.25, 0.63, 0.63, 0.40, 0.39, 0.38, 0.21, 0.56, 0.54, 0.19, 3.40, -70.73, 1.00, 2.38, 0.03035, 0.75321
333538, 3, 0.50, 0.50, -0.76, -0.68, 52.62, 71.25, 1.32, 52.80, 0.01, 0.48, 0.42, 0.07, 0.63, 0.61, 0.56, 0.39, 0.39, 0.11, 0.56, 0.58, 0.12, 3.78, -70.75, 1.00, 2.38, 0.03036, 0.75296
333551, 3, 0.50, 0.50, -0.86, -0.63, 52.11, 71.26, 1.32, 52.80, 0.01, 0.48, 0.44, 0.09, 0.63, 0.63, 0.61, 0.39, 0.44, 0.07, 0.56, 0.56, 0.18, 4.10, -70.76, 1.00, 2.38, 0.03038, 0.75027
333564, 3, 0.50, 0.50, -0.75, -0.57, 51.67, 71.27, 1.32, 52.80, 0.01, 0.48, 0.45, 0.09, 0.63, 0.62, 0.53, 0.39, 0.38, 0.11, 0.56, 0.51, 0.26, 4.68, -70.77, 1.00, 2.38, 0.03040, 0.74503
333592, 3, 0.50, 0.50, -0.87, -0.40, 51.44, 71.28, 1.32, 52.80, 0.01, 0.48, 0.46, 0.25, 0.63, 0.59, 0.89, 0.39, 0.39, 0.23, 0.56, 0.51, 0.53, 5.18, -70.78, 1.00, 2.37, 0.03042, 0.73798
333604, 3, 0.50, 0.50, -0.89, -0.11, 51.31, 71.29, 1.32, 52.80, 0.01, 0.48, 0.46, 0.32, 0.63, 0.61, 0.86, 0.39, 0.38, 0.28, 0.56, 0.54, 0.70, 5.63, -70.79, 1.00, 2.37, 0.03043, 0.72877
333618, 3, 0.50, 0.50, -0.99, 0.11, 51.37, 71.31, 1.32, 52.80, 0.01, 0.48, 0.48, 0.39, 0.63, 0.63, 0.93, 0.39, 0.38, 0.37, 0.56, 0.52, 0.68, 5.85, -70.81, 1.00, 2.36, 0.03044, 0.71779
333632, 3, 0.50, 0.50, -0.95, 0.38, 51.43, 71.32, 1.32, 52.80, 0.01, 0.48, 0.46, 0.23, 0.63, 0.65, 0.72, 0.39, 0.41, 0.32, 0.56, 0.56, 0.54, 5.99, -70.82, 1.00, 2.35, 0.03044, 0.70727
333644, 3, 0.50, 0.50, -0.88, 0.41, 51.58, 71.33, 1.32, 52.80, 0.01, 0.48, 0.49, 0.25, 0.63, 0.63, 0.82, 0.39, 0.44, 0.16, 0.56, 0.59, 0.51, 5.93, -70.83, 1.00, 2.34, 0.03045, 0.70053
333658, 3, 0.50, 0.50, -0.91, 0.36, 51.86, 71.34, 1.32, 52.80, 0.01, 0.48, 0.51, 0.19, 0.63, 0.65, 0.77, 0.39, 0.44, 0.02, 0.56, 0.56, 0.42, 5.86, -70.84, 1.00, 2.34, 0.03045, 0.69848
333671, 3, 0.50, 0.50, -1.01, 0.18, 52.09, 71.35, 1.32, 52.80, 0.01, 0.48, 0.49, 0.23, 0.63, 0.66, 0.67, 0.39, 0.41, 0.04, 0.56, 0.59, 0.30, 5.71, -70.85, 1.00, 2.34, 0.03045, 0.69925
333684, 3, 0.50, 0.50, -0.85, 0.33, 52.23, 71.36, 1.32, 52.80, 0.01, 0.48, 0.52, 0.12, 0.63, 0.63, 0.75, 0.39, 0.42, 0.05, 0.56, 0.56, 0.40, 5.44, -70.86, 1.00, 2.34, 0.03046, 0.70155
333698, 3, 0.50, 0.50, -0.86, 0.46, 52.42, 71.37, 1.32, 52.80, 0.01, 0.48, 0.48, 0.09, 0.63, 0.65, 0.67, 0.39, 0.42, 0.16, 0.56, 0.58, 0.37, 5.20, -70.87, 1.00, 2.35, 0.03046, 0.70534
333711, 3, 0.50, 0.50, -0.91, 0.17, 52.57, 71.39, 1.32, 52.80, 0.01, 0.48, 0.46, 0.21, 0.63, 0.63, 0.84, 0.39, 0.42, 0.25, 0.56, 0.56, 0.42, 5.07, -70.89, 1.00, 2.35, 0.03046, 0.71043
333724, 3, 0.50, 0.50, -0.98, 0.24, 52.66, 71.40, 1.32, 52.80, 0.01, 0.48, 0.51, 0.19, 0.63, 0.66, 0.67, 0.39, 0.41, 0.25, 0.56, 0.56, 0.51, 4.87, -70.90, 1.00, 2.36, 0.03046, 0.71565
333738, 3, 0.50, 0.50, -0.85, 0.03, 52.76, 71.41, 1.32, 52.80, 0.01, 0.48, 0.49, 0.11, 0.63, 0.65, 0.67, 0.39, 0.41, 0.21, 0.56, 0.58, 0.37, 4.73, -70.91, 1.00, 2.36, 0.03047, 0.71982
333751, 3, 0.50, 0.50, -0.82, 0.09, 53.01, 71.42, 1.32, 52.80, 0.01, 0.48, 0.51, 0.04, 0.63, 0.66, 0.60, 0.39, 0.38, 0.09, 0.56, 0.56, 0.44, 4.64, -70.92, 1.00, 2.37, 0.03047, 0.72249
333764, 3, 0.50, 0.50, -0.88, -0.21, 53.29, 71.43, 1.32, 52.80, 0.01, 0.48, 0.52, 0.12, 0.63, 0.65, 0.56, 0.39, 0.38, 0.07, 0.56, 0.62, 0.04, 4.54, -70.93, 1.00, 2.37, 0.03047, 0.72368
333778, 3, 0.50, 0.50, -0.95, -0.32, 53.38, 71.45, 1.32, 52.80, 0.01, 0.48, 0.52, 0.25, 0.63, 0.63, 0.72, 0.39, 0.39, 0.05, 0.56, 0.58, 0.35, 4.28, -70.95, 1.00, 2.37, 0.03047, 0.72379
333791, 3, 0.50, 0.50, -0.84, -0.46, 53.38, 71.46, 1.32, 52.80, 0.01, 0.48, 0.49, 0.26, 0.63, 0.72, 0.16, 0.39, 0.39, 0.02, 0.56, 0.62, 0.18, 4.01, -70.96, 1.00, 2.37, 0.03047, 0.72467
333804, 3, 0.50, 0.50, -0.88, -0.56, 53.40, 71.47, 1.32, 52.80, 0.01, 0.48, 0.49, 0.23, 0.63, 0.63, 0.39, 0.39, 0.38, 0.05, 0.56, 0.58, 0.21, 3.92, -70.97, 1.00, 2.37, 0.03048, 0.72844
333818, 3, 0.50, 0.50, -0.83, -0.77, 53.11, 71.48, 1.32, 52.80, 0.01, 0.48, 0.48, 0.25, 0.63, 0.65, 0.35, 0.39, 0.41, 0.05, 0.56, 0.55, 0.21, 3.92, -70.98, 1.00, 2.38, 0.03048, 0.73437
333831, 3, 0.50, 0.50, -0.83, -0.75, 52.79, 71.49, 1.32, 52.80, 0.01, 0.48, 0.46, 0.26, 0.63, 0.65, 0.35, 0.39, 0.41, 0.02, 0.56, 0.61, 0.16, 3.89, -70.99, 1.00, 2.39, 0.03049, 0.74014
333844, 3, 0.50, 0.50, -0.82, -0.71, 52.45, 71.51, 1.32, 52.80, 0.01, 0.48, 0.42, 0.18, 0.63, 0.61, 0.53, 0.39, 0.37, 0.28, 0.56, 0.56, 0.18, 4.19, -71.01, 1.00, 2.39, 0.03051, 0.74361
333858, 3, 0.50, 0.50, -0.83, -0.62, 52.15, 71.52, 1.32, 52.80, 0.01, 0.48, 0.44, 0.04, 0.63, 0.62, 0.40, 0.39, 0.38, 0.18, 0.56, 0.49, 0.28, 4.50, -71.02, 1.00, 2.39, 0.03052, 0.74414
333871, 3, 0.50, 0.50, -0.79, -0.66, 51.88, 71.53, 1.32, 52.80, 0.01, 0.48, 0.44, 0.05, 0.63, 0.62, 0.42, 0.39, 0.41, 0.07, 0.56, 0.55, 0.16, 4.84, -71.03, 1.00, 2.39, 0.03053, 0.74136
333897, 3, 0.50, 0.50, -0.67, -0.49, 51.48, 71.54, 1.32, 52.80, 0.01, 0.48, 0.46, 0.16, 0.63, 0.62, 0.67, 0.39, 0.37, 0.42, 0.56, 0.51, 0.70, 5.15, -71.04, 1.00, 2.39, 0.03055, 0.73542
333906, 3, 0.50, 0.50, -0.76, -0.14, 51.33, 71.55, 1.32, 52.80, 0.01, 0.48, 0.48, 0.12, 0.63, 0.68, 0.47, 0.39, 0.38, 0.39, 0.56, 0.52, 0.72, 5.42, -71.05, 1.00, 2.38, 0.03056, 0.72864
333914, 3, 0.50, 0.50, -0.85, 0.23, 51.20, 71.56, 1.32, 52.80, 0.01, 0.48, 0.51, 0.16, 0.63, 0.66, 0.40, 0.39, 0.41, 0.28, 0.56, 0.55, 0.70, 5.82, -71.06, 1.00, 2.38, 0.03057, 0.72256
333930, 3, 0.50, 0.50, -0.92, 0.32, 51.17, 71.57, 1.32, 52.80, 0.01, 0.48, 0.52, 0.14, 0.63, 0.68, 0.23, 0.39, 0.41, 0.18, 0.56, 0.58, 0.32, 5.97, -71.07, 1.00, 2.38, 0.03058, 0.71696
333938, 3, 0.50, 0.50, -1.02, 0.09, 51.22, 71.59, 1.32, 52.80, 0.01, 0.48, 0.48, 0.16, 0.63, 0.65, 0.19, 0.39, 0.39, 0.26, 0.56, 0.55, 0.44, 6.10, -71.09, 1.00, 2.37, 0.03059, 0.71102
333951, 3, 0.50, 0.50, -0.89, -0.38, 51.18, 71.60, 1.32, 52.80, 0.01, 0.48, 0.49, 0.14, 0.63, 0.59, 0.44, 0.39, 0.45, 0.23, 0.56, 0.59, 0.16, 6.13, -71.10, 1.00, 2.37, 0.03060, 0.70599
333964, 3, 0.50, 0.50, -0.82, 0.29, 51.19, 71.61, 1.32, 52.80, 0.01, 0.48, 0.48, 0.09, 0.63, 0.61, 0.61, 0.39, 0.45, 0.04, 0.56, 0.54, 0.47, 6.08, -71.11, 1.00, 2.37, 0.03061, 0.70383
333978, 3, 0.50, 0.50, -0.75, 0.05, 51.25, 71.62, 1.32, 52.80, 0.01, 0.48, 0.49, 0.14, 0.63, 0.63, 0.51, 0.39, 0.39, 0.16, 0.56, 0.55, 0.42, 6.12, -71.12, 1.00, 2.37, 0.03061, 0.70460
333991, 3, 0.50, 0.50, -0.94, 0.16, 51.39, 71.63, 1.32, 52.80, 0.01, 0.48, 0.46, 0.05, 0.63, 0.65, 0.49, 0.39, 0.39, 0.16, 0.56, 0.52, 0.63, 6.11, -71.13, 1.00, 2.37, 0.03062, 0.70626
334004, 3, 0.50, 0.50, -0.95, 0.06, 51.43, 71.64, 1.32, 52.80, 0.01, 0.48, 0.49, 0.18, 0.63, 0.65, 0.49, 0.39, 0.41, 0.04, 0.56, 0.55, 0.60, 6.04, -71.14, 1.00, 2.37, 0.03062, 0.70687
334018, 3, 0.50, 0.50, -0.91, 0.07, 51.57, 71.66, 1.32, 52.80, 0.01, 0.48, 0.49, 0.09, 0.63, 0.66, 0.44, 0.39, 0.42, 0.05, 0.56, 0.55, 0.58, 5.91, -71.16, 1.00, 2.37, 0.03063, 0.70699
334031, 3, 0.50, 0.50, -0.89, -0.01, 51.77, 71.67, 1.32, 52.80, 0.01, 0.48, 0.45, 0.46, 0.63, 0.62, 0.53, 0.39, 0.42, 0.07, 0.56, 0.56, 0.58, 5.86, -71.17, 1.00, 2.37, 0.03063, 0.70749
334044, 3, 0.50, 0.50, -0.92, -0.12, 52.00, 71.68, 1.32, 52.80, 0.01, 0.48, 0.55, 0.11, 0.63, 0.65, 0.42, 0.39, 0.39, 0.09, 0.56, 0.56, 0.72, 5.73, -71.18, 1.00, 2.38, 0.03064, 0.70863
334058, 3, 0.50, 0.50, -1.01, -0.06, 52.30, 71.69, 1.32, 52.80, 0.01, 0.48, 0.54, 0.25, 0.63, 0.63, 0.54, 0.39, 0.37, 0.11, 0.56, 0.61, 0.32, 5.53, -71.19, 1.00, 2.38, 0.03064, 0.70974
334071, 3, 0.50, 0.50, -1.04, -0.16, 52.48, 71.71, 1.32, 52.80, 0.01, 0.48, 0.48, 0.26, 0.63, 0.65, 0.44, 0.39, 0.41, 0.07, 0.56, 0.61, 0.30, 5.30, -71.21, 1.00, 2.38, 0.03064, 0.71055
334084, 3, 0.50, 0.50, -0.98, -0.26, 52.49, 71.72, 1.32, 52.80, 0.01, 0.48, 0.49, 0.25, 0.63, 0.68, 0.25, 0.39, 0.42, 0.04, 0.56, 0.59, 0.28, 4.99, -71.22, 1.00, 2.38, 0.03064, 0.71281
334098, 3, 0.50, 0.50, -0.88, -0.39, 52.41, 71.73, 1.32, 52.80, 0.01, 0.48, 0.49, 0.23, 0.63, 0.65, 0.32, 0.39, 0.39, 0.11, 0.56, 0.56, 0.28, 4.81, -71.23, 1.00, 2.39, 0.03065, 0.71811
334111, 3, 0.50, 0.50, -0.83, -0.51, 52.38, 71.74, 1.32, 52.80, 0.01, 0.48, 0.48, 0.26, 0.63, 0.65, 0.26, 0.39, 0.39, 0.09, 0.56, 0.56, 0.18, 4.81, -71.24, 1.00, 2.39, 0.03065, 0.72539
334124, 3, 0.50, 0.50, -0.86, -0.64, 52.36, 71.76, 1.32, 52.80, 0.01, 0.48, 0.46, 0.26, 0.63, 0.61, 0.42, 0.39, 0.39, 0.05, 0.56, 0.55, 0.25, 4.88, -71.26, 1.00, 2.40, 0.03066, 0.73111
334138, 3, 0.50, 0.50, -0.80, -0.57, 52.08, 71.77, 1.32, 52.80, 0.01, 0.48, 0.45, 0.07, 0.63, 0.62, 0.37, 0.39, 0.39, 0.09, 0.56, 0.51, 0.40, 4.91, -71.27, 1.00, 2.40, 0.03067, 0.73278
334151, 3, 0.50, 0.50, -0.82, -0.61, 51.81, 71.78, 1.32, 52.80, 0.01, 0.48, 0.46, 0.05, 0.63, 0.61, 0.46, 0.39, 0.39, 0.12, 0.56, 0.49, 0.56, 4.94, -71.28, 1.00, 2.40, 0.03068, 0.73190
334164, 3, 0.50, 0.50, -0.90, -0.45, 51.53, 71.79, 1.32, 52.80, 0.01, 0.48, 0.48, 0.07, 0.63, 0.61, 0.49, 0.39, 0.38, 0.26, 0.56, 0.54, 0.58, 5.21, -71.29, 1.00, 2.41, 0.03069, 0.73123
334192, 3, 0.50, 0.50, -0.84, -0.28, 51.21, 71.80, 1.32, 52.80, 0.01, 0.48, 0.45, 0.11, 0.63, 0.56, 0.65, 0.39, 0.39, 0.26, 0.56, 0.54, 0.86, 5.49, -71.30, 1.00, 2.41, 0.03071, 0.73117
334204, 3, 0.50, 0.50, -0.77, -0.02, 50.95, 71.82, 1.32, 52.80, 0.01, 0.48, 0.46, 0.21, 0.63, 0.59, 0.82, 0.39, 0.39, 0.37, 0.56, 0.54, 0.86, 5.76, -71.32, 1.00, 2.41, 0.03072, 0.72959
334218, 3, 0.50, 0.50, -0.86, 0.00, 50.97, 71.83, 1.32, 52.80, 0.01, 0.48, 0.48, 0.18, 0.63, 0.62, 0.77, 0.39, 0.41, 0.32, 0.56, 0.56, 0.84, 6.09, -71.33, 1.00, 2.41, 0.03073, 0.72503
334232, 3, 0.50, 0.50, -0.86, 0.16, 51.06, 71.84, 1.32, 52.80, 0.01, 0.48, 0.51, 0.09, 0.63, 0.62, 0.75, 0.39, 0.44, 0.11, 0.56, 0.56, 0.79, 6.34, -71.34, 1.00, 2.40, 0.03074, 0.71778
334244, 3, 0.50, 0.50, -0.78, 0.34, 51.18, 71.85, 1.32, 52.80, 0.01, 0.48, 0.49, 0.11, 0.63, 0.65, 0.68, 0.39, 0.44, 0.07, 0.56, 0.61, 0.61, 6.32, -71.35, 1.00, 2.39, 0.03075, 0.70977
334258, 3, 0.50, 0.50, -0.98, 0.27, 51.46, 71.86, 1.32, 52.80, 0.01, 0.48, 0.49, 0.11, 0.63, 0.65, 0.60, 0.39, 0.42, 0.04, 0.56, 0.58, 0.58, 6.24, -71.36, 1.00, 2.39, 0.03075, 0.70344
334271, 3, 0.50, 0.50, -0.82, 0.08, 51.65, 71.87, 1.32, 52.80, 0.01, 0.48, 0.51, 0.04, 0.63, 0.66, 0.58, 0.39, 0.42, 0.05, 0.56, 0.59, 0.51, 6.12, -71.37, 1.00, 2.38, 0.03075, 0.70051
334284, 3, 0.50, 0.50, -0.92, 0.01, 51.97, 71.88, 1.32, 52.80, 0.01, 0.48, 0.49, 0.02, 0.63, 0.65, 0.60, 0.39, 0.45, 0.18, 0.56, 0.56, 0.39, 5.84, -71.38, 1.00, 2.39, 0.03076, 0.70181
334298, 3, 0.50, 0.50, -0.85, -0.04, 52.20, 71.89, 1.32, 52.80, 0.01, 0.48, 0.49, 0.04, 0.63, 0.63, 0.58, 0.39, 0.44, 0.23, 0.56, 0.56, 0.44, 5.64, -71.39, 1.00, 2.39, 0.03076, 0.70551
334311, 3, 0.50, 0.50, -0.87, -0.26, 52.45, 71.91, 1.32, 52.80, 0.01, 0.48, 0.49, 0.02, 0.63, 0.63, 0.56, 0.39, 0.39, 0.21, 0.56, 0.56, 0.30, 5.33, -71.41, 1.00, 2.39, 0.03076, 0.71002
334324, 3, 0.50, 0.50, -1.02, -0.21, 52.73, 71.92, 1.32, 52.80, 0.01, 0.48, 0.51, 0.14, 0.63, 0.63, 0.60, 0.39, 0.39, 0.18, 0.56, 0.56, 0.35, 5.10, -71.42, 1.00, 2.40, 0.03076, 0.71480
334338, 3, 0.50, 0.50, -0.98, -0.29, 53.01, 71.93, 1.32, 52.80, 0.01, 0.48, 0.48, 0.18, 0.63, 0.69, 0.47, 0.39, 0.37, 0.09, 0.56, 0.61, 0.28, 4.84, -71.43, 1.00, 2.40, 0.03076, 0.71952
334351, 3, 0.50, 0.50, -1.17, -0.28, 53.23, 71.95, 1.32, 52.80, 0.01, 0.48, 0.51, 0.16, 0.63, 0.62, 0.61, 0.39, 0.38, 0.05, 0.56, 0.59, 0.21, 4.56, -71.45, 1.00, 2.41, 0.03076, 0.72358
334364, 3, 0.50, 0.50, -1.24, -0.41, 53.14, 71.97, 1.32, 52.80, 0.01, 0.48, 0.51, 0.21, 0.63, 0.62, 0.70, 0.39, 0.41, 0.09, 0.56, 0.58, 0.14, 4.28, -71.47, 1.00, 2.41, 0.03076, 0.72754
